11 28 26 18 15 17 6 11 12 7 2 0 6.653139813939146
11 27 26 23 17 10 13 8 4 6 21 0 6.7067307295109035
11 28 27 20 17 15 8 1 9 7 18 0 8.015900394212434
2 23 0 1.8755753795286534
11 22 18 15 12 10 5 8 9 3 6 0 7.737368513960394
11 28 26 23 14 16 5 12 9 7 3 0 7.75250135925874
11 28 25 22 16 21 8 11 10 7 4 0 7.262973892481856
11 28 27 22 19 3 5 10 9 16 18 0 6.675960339250705
11 28 25 21 19 2 5 13 9 17 4 0 7.397953478895213
11 27 25 23 16 15 5 1 4 17 6 0 7.133251219403681
11 27 25 24 22 21 19 20 9 23 13 0 6.796467819136393
5 23 2 19 1 0 3.6978285949593657
11 26 20 15 14 2 5 1 12 7 4 0 7.695643522997825
11 28 25 24 23 19 8 1 13 3 6 0 7.101196889868383
9 26 22 12 7 15 14 11 17 0 6.098226482918198
2 3 0 1.7505300130308288
11 27 26 22 15 21 13 11 2 7 6 0 6.2553233831649315
11 28 26 24 20 16 11 1 9 17 18 0 7.390135685596188
11 24 22 21 18 9 5 1 4 7 6 0 6.940866183468994
11 28 26 25 18 21 16 13 9 6 4 0 7.641838712068138
11 28 26 17 11 10 5 1 9 6 4 0 6.821000565594556
11 23 21 19 12 14 8 11 1 9 4 0 8.06637480370866
11 26 23 19 18 3 17 12 9 7 2 0 7.253747542989507
11 28 27 21 20 9 5 1 13 7 17 0 7.89734954794533
11 24 23 20 16 15 5 6 10 17 14 0 6.434356121876771
11 28 27 24 18 14 5 12 4 7 6 0 7.094628585398896
5 15 2 19 12 0 3.8705963974933946
4 22 21 28 0 2.203821745174724
11 27 26 23 20 3 14 11 13 7 2 0 7.377680083966942
11 25 22 21 20 19 5 11 12 15 14 0 7.2612684163119745
11 24 21 20 12 10 11 8 1 19 6 0 7.27631804071823
10 27 23 20 14 15 5 6 16 3 0 5.68845410218554
11 28 22 21 20 10 19 11 12 17 18 0 7.744677474282232
8 26 2 23 24 16 22 4 0 5.146684389518271
11 25 22 21 20 15 5 12 10 17 2 0 7.067347719062871
9 27 18 19 2 15 14 13 12 0 5.863944239382746
11 25 24 23 14 10 8 11 1 5 12 0 7.129755889789046
9 26 22 6 7 3 13 11 9 0 6.293440134403609
11 27 19 18 13 15 8 11 10 7 4 0 6.628743347346365
3 1 18 0 1.4297704522407566
11 21 20 19 18 16 14 11 13 7 6 0 7.005785518780563
11 27 25 16 14 2 5 11 9 3 4 0 7.325540416110444
11 28 25 20 17 15 19 6 10 16 2 0 7.256735223209742
11 24 22 20 18 19 5 1 12 15 14 0 7.167320319067289
10 24 23 22 5 21 18 2 9 3 0 5.30551847634767
10 26 24 12 15 6 8 11 1 7 0 7.112205135277399
11 28 26 25 21 3 14 11 16 7 2 0 7.430423698958431
11 26 25 23 15 10 21 12 9 7 2 0 7.954195031089024
11 28 27 26 25 15 5 20 13 16 21 0 7.895354444970817
5 23 8 10 5 0 3.585200577210516
11 25 20 18 13 16 5 12 9 6 2 0 6.948931322761052
11 28 22 19 17 16 5 13 4 7 14 0 7.940394644650508
11 28 23 19 15 14 5 1 17 3 6 0 7.135040557779835
11 26 24 23 19 10 5 17 16 7 18 0 7.403758384690141
11 28 26 21 20 3 5 17 2 7 18 0 7.150717840320427
11 28 25 24 20 19 22 1 16 17 12 0 7.926878970298596
11 28 26 25 19 21 11 1 4 9 18 0 7.350590631490652
11 27 19 18 14 16 5 13 10 3 6 0 6.393543680347422
11 26 23 20 18 2 8 11 1 6 13 0 7.053801381475087
11 27 25 22 17 2 13 1 4 15 6 0 6.30252309996818
11 27 26 22 19 21 14 12 10 17 18 0 5.754834466155926
11 28 23 22 13 10 16 11 4 6 2 0 6.677374897978116
11 28 23 22 13 19 3 11 12 7 4 0 7.120462406635076
11 28 26 25 23 15 19 3 9 16 21 0 7.106525136981251
11 26 25 23 19 10 14 8 9 16 12 0 7.767658550528774
11 27 23 16 15 2 8 11 9 3 4 0 6.467134820778316
11 28 23 20 18 2 5 13 12 15 4 0 7.019926356648474
11 28 25 18 15 16 11 1 10 3 14 0 7.097153341687669
11 25 22 17 12 3 5 1 9 7 2 0 7.388236711503231
11 26 22 21 20 3 13 11 16 7 4 0 8.100707672883749
9 28 18 12 14 10 22 8 9 0 6.736942787516524
4 1 18 5 0 2.2594387866492047
11 27 25 24 16 21 13 8 9 15 2 0 6.608331828718424
10 25 14 13 1 2 8 11 4 6 0 7.266806993456157
4 17 8 6 0 2.5222747744252967
11 26 17 13 12 9 8 11 1 6 4 0 7.956932237676579
11 27 23 22 16 19 8 11 1 3 6 0 5.7889859533346755
11 25 23 22 20 6 19 1 16 17 18 0 6.547968944036838
4 7 10 28 0 2.5592531756634678
11 27 24 22 20 2 17 8 11 3 6 0 6.568280176053207
11 28 20 17 12 9 5 11 4 7 6 0 7.55997450825741
10 23 19 18 2 15 17 8 10 7 0 6.395667155457247
3 23 3 0 1.384082168442298
11 27 23 18 14 2 5 1 9 6 12 0 6.340212360568408
4 4 27 12 0 1.920680198595495
4 23 24 28 0 2.522498589483779
10 26 18 16 5 10 13 11 9 15 0 6.996151986290196
11 23 21 20 15 10 13 11 1 3 4 0 7.930194823156231
3 24 20 0 1.0473879825212322
5 10 27 13 5 0 2.800092046353466
11 28 21 20 14 9 17 1 13 3 2 0 7.759047393892174
11 28 27 26 18 19 5 17 9 3 6 0 7.691360200205274
11 26 21 19 12 2 5 1 10 7 6 0 8.216908300411617
7 23 15 6 7 16 22 0 4.830354880186105
11 25 22 18 13 11 5 8 10 7 17 0 6.9926438274051765
11 27 25 22 20 10 5 8 9 6 4 0 6.98912924647464
10 28 24 21 14 16 22 3 4 9 0 6.173344602209064
11 27 22 20 17 19 13 11 4 16 6 0 7.176758797520829
11 28 27 24 22 2 11 20 12 3 21 0 7.061785520522752
9 27 25 5 14 21 24 8 9 0 6.029617128300496
6 7 18 11 14 10 0 4.572361113758449
11 27 25 22 21 2 19 12 9 6 18 0 5.926084937825694
11 26 24 21 13 17 5 8 10 7 12 0 7.576083206709935
9 28 22 25 12 6 17 8 19 0 6.292297976107336
3 22 8 0 1.596604318373317
8 19 18 6 12 15 3 25 0 5.028852128405252
4 6 14 19 0 2.56443149595263
11 28 27 26 23 3 14 11 10 17 2 0 7.314494976432211
11 24 20 19 13 3 5 11 2 7 6 0 7.750897861719521
11 28 23 20 14 10 11 8 4 16 6 0 7.440429073375347
11 28 27 26 24 14 8 1 23 17 12 0 8.205361857348368
11 27 26 25 20 2 14 8 12 6 4 0 7.397407537335578
11 25 19 17 12 10 14 1 9 7 2 0 6.735975105953454
11 25 24 23 16 21 5 11 13 3 12 0 7.329623441426605
11 27 25 20 18 19 11 1 10 15 6 0 6.582320134150606
2 18 0 1.2863090537751798
10 24 19 15 12 10 17 11 4 7 0 5.87833819344871
11 27 23 20 13 19 11 1 10 4 12 0 6.467832736610888
11 26 17 15 13 14 5 1 9 7 4 0 7.485250830028363
11 23 21 20 15 19 5 1 10 3 14 0 7.8540498580094855
11 28 27 26 24 2 19 8 16 15 18 0 8.084379106784228
4 8 18 19 0 2.361849965356236
11 27 25 24 19 2 13 1 16 3 6 0 6.458907253103229
4 23 18 26 0 2.533976474502536
11 27 26 21 15 19 14 1 10 6 12 0 6.22200791530832
11 28 27 22 20 21 19 17 10 15 4 0 7.257296891178049
11 25 23 19 14 10 16 8 9 6 12 0 7.229024705120824
11 27 26 23 20 16 22 11 4 9 2 0 7.23164127181577
11 28 23 19 15 17 3 11 10 7 2 0 7.033000445049055
11 28 27 24 23 21 19 12 10 16 18 0 6.784310538000235
11 28 27 24 20 2 5 8 11 4 18 0 7.476767416273266
11 27 25 23 17 21 3 11 9 7 12 0 7.26941855230269
11 25 18 14 10 3 5 8 4 7 6 0 6.819585142058676
7 15 14 25 20 27 24 0 5.655752762694322
6 7 15 10 1 27 0 4.736174751514761
11 25 23 20 12 15 6 11 4 9 2 0 6.984635214488328
11 26 23 17 14 16 13 11 2 3 6 0 6.7653454907870145
11 28 25 22 12 16 8 11 10 3 6 0 7.529129392701657
11 24 22 19 17 16 5 1 4 7 18 0 7.65444924371946
11 28 27 26 24 25 5 6 4 17 2 0 8.052519528697497
5 16 2 13 5 0 3.746609137846688
11 26 23 22 20 21 3 11 13 7 6 0 7.280939140261275
11 27 26 24 15 14 13 11 1 7 18 0 6.566443821740664
3 16 22 0 1.417027430727419
9 27 26 10 7 19 17 6 4 0 4.969535537696942
11 23 21 20 13 2 8 12 9 6 4 0 8.011152864815132
11 26 24 23 18 21 16 13 10 6 4 0 7.386794956538093
11 28 27 26 17 16 13 11 12 3 18 0 7.833715713609908
11 28 26 24 16 15 5 11 10 23 14 0 6.648119327240729
11 25 21 19 14 17 5 1 13 6 2 0 7.212898959432622
11 27 23 22 12 10 5 8 9 3 17 0 6.437372157019968
11 28 26 21 12 15 3 11 10 7 4 0 7.4212998987992815
11 25 24 18 14 15 5 1 13 3 6 0 7.222009804988822
11 25 24 20 17 19 14 11 1 9 4 0 7.184739567781033
11 28 27 25 15 21 5 8 1 6 12 0 8.1050148638556
11 26 23 21 18 10 5 8 12 15 6 0 6.565676030699498
11 27 26 23 20 21 5 11 12 15 14 0 7.190226222002519
3 15 18 0 1.8282719132972347
11 26 21 20 12 15 5 8 9 3 6 0 8.284408164768005
11 28 27 26 24 15 14 20 12 7 4 0 8.27554136748984
11 27 24 20 18 14 5 12 9 17 6 0 6.723954358703132
8 22 25 4 7 2 17 11 0 5.157301096763545
11 28 27 22 20 21 6 13 10 3 2 0 7.232188730009788
7 23 2 3 20 16 22 0 5.37592564696588
11 28 24 21 16 19 14 8 13 3 6 0 7.083451630381125
11 26 25 24 22 2 19 11 1 3 21 0 7.54870499374525
11 25 24 21 9 16 8 1 4 6 2 0 6.842363740952286
6 15 18 28 2 14 0 4.904607088100828
11 28 27 21 18 15 11 1 10 17 14 0 6.798873715479151
11 25 22 21 20 2 8 1 9 7 13 0 7.663388842831581
11 27 24 21 15 19 14 1 13 7 2 0 6.730524319160248
11 28 25 21 14 2 5 8 1 3 13 0 7.770217375318956
11 24 23 21 19 2 3 11 9 7 4 0 6.373330512210595
11 26 25 23 15 21 11 1 12 9 2 0 7.771479557528279
6 17 11 5 24 9 0 4.532508159399914
11 26 25 23 16 15 5 6 10 17 14 0 7.429386648271745
11 20 17 16 15 10 6 8 4 3 2 0 6.350196205821763
11 24 23 18 14 16 5 11 1 7 6 0 6.885926938260141
11 28 27 25 24 8 5 20 16 17 22 0 7.975076101376358
11 28 27 25 23 15 5 20 16 3 21 0 7.630959993236575
11 26 19 17 11 10 3 1 4 9 2 0 6.441637150916719
11 27 24 23 20 15 22 11 4 3 17 0 7.429087201580162
11 28 27 26 25 19 5 8 16 3 13 0 8.012839192271093
11 24 22 21 20 10 8 1 12 16 14 0 7.3522793932556905
11 25 23 19 18 15 11 1 12 17 6 0 6.587897617225769
11 28 27 25 23 21 5 10 9 14 4 0 7.415528307426463
6 7 15 26 2 9 0 4.7723162318805326
11 27 24 23 21 2 19 11 9 14 4 0 6.61356456308596
11 26 25 24 20 2 5 11 16 7 6 0 8.094894467115493
11 28 24 23 16 19 3 8 13 7 4 0 7.6645122202600415
11 28 26 24 22 19 5 17 16 7 18 0 7.06315827671892
11 28 26 23 17 15 16 13 9 3 4 0 7.494374363442853
9 26 25 13 2 21 3 11 4 0 6.93573980961222
11 23 17 16 12 15 5 8 9 3 4 0 7.707835995061279
11 27 25 22 20 19 8 1 10 17 2 0 6.920058604456105
11 27 22 16 14 3 13 11 1 6 12 0 6.7919686615948285
11 24 21 20 15 14 13 12 9 17 2 0 7.238150159044517
11 27 24 22 18 19 8 1 13 17 6 0 6.294096319075226
10 26 25 19 22 15 5 11 12 7 0 7.320333534918682
11 25 24 18 11 10 5 1 4 17 2 0 6.853477860285682
11 28 27 26 24 1 13 8 23 7 18 0 8.223204700631435
9 20 15 11 1 6 17 8 9 0 5.936420520353813
6 23 8 10 18 19 0 4.241609867840383
9 28 25 10 13 6 22 1 9 0 6.490127865210222
11 28 25 24 23 21 18 11 12 3 6 0 6.823164621394728
11 23 22 21 20 14 5 8 1 7 13 0 7.9139913092652066
11 23 22 19 18 15 17 6 4 3 2 0 7.377710490918219
6 26 22 28 13 19 0 4.810357134267614
3 9 21 0 0.8896607631604229
11 27 25 23 22 2 21 12 9 14 18 0 6.83924561855822
9 23 22 10 14 15 3 7 9 0 6.087362173861201
10 26 25 23 5 6 19 8 16 7 0 7.472584091100719
11 27 23 21 20 3 17 8 16 7 2 0 6.553292559986108
6 23 27 10 24 19 0 4.696323483324349
11 28 22 19 18 2 13 1 12 16 6 0 7.629178317200196
2 17 0 1.926229373620816
11 22 18 14 12 10 6 11 9 7 2 0 7.432772198879903
11 28 26 25 22 21 16 6 23 7 4 0 7.687736850923411
11 27 23 22 20 1 5 11 13 15 4 0 6.0267722343076695
11 27 22 15 12 10 8 1 13 9 4 0 6.882148687681454
11 27 24 21 20 2 17 6 13 3 18 0 6.578694977773112
11 28 27 24 22 19 8 11 23 16 9 0 7.207557790378078
11 28 23 21 13 19 5 8 11 9 4 0 7.211994876512955
11 27 22 21 13 10 18 1 9 7 2 0 6.934361141700354
11 28 24 23 20 15 16 11 10 17 2 0 7.783944235731555
11 27 26 25 24 21 22 1 9 14 4 0 7.658712924683286
11 25 24 23 20 3 19 8 16 17 12 0 7.834170736386063
11 21 12 11 7 10 5 6 4 3 2 0 6.511366927348658
7 17 14 4 9 6 11 0 4.607927276745909
3 3 10 0 1.3906661435611964
7 8 18 4 13 25 27 0 5.008054498739439
11 24 20 18 14 10 8 1 13 6 12 0 7.054187745836632
11 28 20 18 13 15 5 11 1 7 4 0 7.710875831887128
9 27 24 23 2 21 14 3 4 0 5.25826809243683
11 24 23 18 12 10 13 11 4 3 2 0 6.892691021568646
11 19 18 17 15 16 5 1 9 7 13 0 7.23752346738655
11 28 26 20 15 3 5 8 11 7 6 0 7.847592877518666
11 28 27 26 15 14 3 6 13 7 18 0 7.633465720200132
11 28 26 25 24 15 5 12 23 3 2 0 7.9272766817044245
3 11 27 0 1.5544486860366016
4 17 2 6 0 2.696481345470315
3 28 19 0 0.9138161925894479
8 28 2 7 20 10 13 11 0 5.649047623039512
11 22 21 20 14 19 5 8 1 9 4 0 7.950421617849168
11 28 27 23 12 8 22 11 1 6 2 0 7.5528437222255445
3 27 2 0 1.1417036610554967
11 23 22 18 12 15 5 2 9 7 4 0 7.69874955945245
11 28 27 21 15 16 8 11 1 4 12 0 7.152204300918572
11 25 24 21 18 2 14 17 16 7 4 0 6.550594654716967
11 27 24 23 15 19 8 11 1 2 12 0 6.686971355404484
11 27 21 20 17 19 5 8 16 7 2 0 6.950191538120774
11 28 27 26 20 2 16 11 9 3 6 0 8.3302342471038
11 28 25 22 20 14 5 13 9 7 17 0 7.755238189551213
8 24 22 25 14 15 16 11 0 5.2744535158521275
11 25 23 16 15 10 3 8 9 7 14 0 6.706724384084275
11 23 20 17 14 10 5 13 9 3 4 0 7.746878027641831
2 27 0 1.0370277339312002
3 11 20 0 1.3564616823784634
4 7 28 12 0 2.3801503047971897
3 26 4 0 1.2771271528334336
9 25 22 12 20 16 19 6 4 0 5.975215382705344
11 27 23 21 12 10 3 20 4 9 2 0 6.21189326752576
6 26 18 10 11 16 0 4.228946026551682
11 28 27 20 13 10 5 6 9 17 4 0 8.214349734338128
11 26 17 16 9 10 5 8 4 7 2 0 7.387904238829767
7 7 14 13 20 25 17 0 5.569456909368593
11 25 23 22 18 21 13 11 16 15 2 0 5.913818847324899
11 26 24 22 19 10 13 11 1 16 14 0 6.767186969175484
6 23 15 25 24 3 0 4.935841434415947
11 26 23 21 20 4 17 1 12 7 18 0 7.07317429619781
6 8 18 11 2 16 0 4.439117677813311
11 28 27 26 24 6 5 11 19 7 22 0 8.091356021406154
11 27 25 24 18 2 14 17 16 3 6 0 6.24173661669081
11 27 24 23 20 19 14 1 10 6 18 0 7.084908743345843
11 27 23 21 14 9 5 8 1 3 2 0 6.341916560393687
11 28 23 18 13 6 16 11 4 3 2 0 6.9000855085901245
8 22 25 12 20 6 19 8 0 5.678195793943261
10 27 25 20 24 15 19 12 10 6 0 6.201320771997544
7 23 7 25 12 9 4 0 4.7619913927344255
11 27 22 18 14 10 13 11 12 3 6 0 6.952183257195424
9 26 22 19 1 3 16 11 23 0 6.498132212508297
4 9 2 4 0 2.1764123918652727
7 1 18 12 2 4 5 0 4.780550072599268
9 22 15 13 6 10 21 11 4 0 6.146145356545516
7 23 1 12 20 4 28 0 5.073366656614531
9 28 22 26 2 3 5 17 21 0 5.9533330623692935
11 28 24 22 21 2 19 17 9 7 18 0 6.626005101575923
11 27 26 23 14 9 22 8 12 7 3 0 7.185446400805712
11 28 24 23 17 15 22 13 9 3 12 0 7.633797766707458
8 28 6 25 9 3 22 8 0 5.504739039052288
11 25 21 19 14 16 5 8 9 7 6 0 7.966432228615298
11 26 24 22 15 19 5 11 1 3 2 0 7.195934947134384
10 28 27 19 13 15 16 11 9 3 0 7.449763854584196
11 27 23 21 18 19 17 11 10 3 12 0 5.817120030295075
11 25 19 17 14 10 8 11 9 6 12 0 6.531574569900033
11 26 25 20 14 19 5 10 9 7 4 0 8.434708356281838
11 25 24 23 20 15 19 17 10 7 12 0 7.529900699899265
9 26 22 23 15 21 19 3 9 0 5.954574834077484
11 28 23 21 14 15 8 11 1 7 6 0 7.171013630603097
4 17 25 13 0 2.809918302867054
11 24 19 18 14 10 13 8 1 15 2 0 6.517024870193746
11 23 21 19 18 16 13 8 9 17 6 0 7.849770022113953
11 24 22 20 15 10 16 1 9 7 4 0 7.816995459653015
11 27 26 19 14 15 8 11 13 3 6 0 7.411344600215768
11 25 24 23 22 15 19 17 9 16 6 0 7.167815910323213
11 28 27 24 14 11 5 1 4 7 18 0 7.537609190377438
9 26 17 12 7 2 8 11 10 0 5.934101024639653
11 28 26 25 24 19 5 20 17 7 22 0 8.002506779464145
8 16 25 4 12 10 13 1 0 5.559843450620702
11 28 26 23 20 10 18 11 1 16 6 0 7.596833919653408
11 25 22 20 17 10 19 11 4 6 2 0 7.15033576809321
11 26 25 24 23 19 22 11 9 15 18 0 7.1924794713220805
11 28 24 23 20 14 8 1 4 16 18 0 7.998346681605235
11 25 24 23 22 21 19 13 10 7 17 0 7.429888180012354
2 6 0 1.6814095015641093
11 26 19 15 13 2 5 8 9 6 12 0 7.120365496493941
11 27 25 22 15 10 5 11 1 3 6 0 6.616354534759314
11 28 26 25 20 15 6 1 9 7 2 0 8.04022499726391
6 7 11 5 9 16 0 4.385224534960133
5 17 27 26 20 0 3.5135540158628853
7 7 15 25 13 3 24 0 5.513099310484598
11 26 20 17 15 2 13 8 12 3 6 0 7.304176198707342
11 26 24 21 20 3 17 12 9 7 18 0 7.784052376744578
3 19 10 0 0.9744093709553244
11 26 25 21 14 15 3 11 9 7 6 0 7.986418961383885
11 28 24 23 22 9 19 11 1 3 13 0 7.550277416280076
11 27 23 21 20 10 14 1 12 7 4 0 6.632782437531112
11 27 26 24 13 21 5 11 1 4 12 0 6.6124237021570105
11 27 24 21 20 19 5 1 9 17 2 0 7.091409572766642
11 27 24 22 20 21 8 11 12 7 18 0 7.005572934287119
3 23 25 0 1.7520381760083312
3 12 14 0 1.1104857844827012
11 25 22 20 17 19 5 8 1 14 6 0 7.252018519759833
5 23 20 4 9 0 2.925025735462011
11 28 24 21 20 15 13 1 12 7 18 0 7.724305793593386
11 27 26 24 22 2 19 8 9 16 4 0 6.624096381725364
11 28 22 21 20 2 5 13 10 19 6 0 7.508705190901779
11 25 24 23 22 15 5 8 11 7 14 0 7.345781182706882
11 24 23 21 14 15 6 12 9 7 4 0 6.630856785639418
11 25 19 17 12 2 3 1 9 7 6 0 6.743077110759124
10 26 24 20 2 10 5 1 4 18 0 6.976109483288204
11 28 21 20 12 16 11 1 4 6 2 0 7.489139992979111
11 23 21 17 15 10 14 1 4 3 2 0 7.05999615258314
5 22 8 12 5 0 3.52183625638909
11 28 25 23 22 21 19 12 9 6 4 0 7.736118161478133
11 28 18 17 14 16 8 11 12 3 2 0 7.465475096645439
11 28 24 23 20 10 13 1 4 16 6 0 8.07756641776864
11 28 25 19 17 15 14 1 9 7 18 0 8.005241625550964
6 16 14 3 2 21 0 4.708831558763625
11 26 18 16 14 15 5 11 10 6 4 0 7.66976337500784
11 28 26 22 18 10 5 11 13 14 12 0 6.5784373566388155
11 28 20 19 15 16 5 12 9 3 4 0 7.897816465197662
10 24 20 15 12 2 17 1 10 7 0 6.102808153768049
11 28 27 24 14 10 13 1 12 9 2 0 7.553414237487505
11 26 25 22 15 21 5 6 2 3 14 0 6.890557161281196
11 19 15 12 11 10 5 8 1 3 4 0 7.816706964508704
11 24 23 20 18 3 8 11 12 7 14 0 7.000391496108082
10 25 23 19 13 21 5 8 9 17 0 6.84773064207206
10 24 18 12 15 3 8 11 1 6 0 6.7776855826995765
11 27 19 18 12 11 5 8 10 16 6 0 6.026829527757194
11 27 23 21 20 10 19 11 4 9 2 0 6.449403127594108
11 25 20 14 13 2 8 1 12 7 4 0 7.320470839696759
11 26 24 18 12 10 3 1 13 7 2 0 7.642558139723471
3 20 21 0 0.8465835078573619
11 28 25 22 20 19 5 8 13 15 12 0 7.59736862289887
9 25 22 12 20 21 18 13 10 0 6.0341342927447155
11 28 25 24 20 9 8 1 4 3 18 0 7.890869348394625
8 22 14 5 2 9 27 11 0 5.879497475475385
11 28 26 24 12 10 6 20 9 3 4 0 7.271419260257073
2 13 0 1.0673661140534803
2 16 0 1.6859952452526978
11 28 24 21 12 15 5 11 10 6 2 0 7.190949097106573
11 27 25 18 15 10 17 1 9 3 12 0 6.843158428603937
11 26 23 18 12 10 5 1 13 3 2 0 7.283597204941489
11 28 20 19 12 10 13 8 9 6 2 0 8.042424578272431
11 28 23 21 15 6 5 1 17 3 2 0 6.422534443660395
4 15 22 25 0 2.738577444854136
8 26 7 23 13 25 19 11 0 5.677685910411716
11 26 25 24 15 14 5 1 13 23 6 0 7.479341172638099
11 23 22 19 14 10 5 8 4 15 6 0 8.284107958312578
11 27 26 25 12 21 5 1 9 7 3 0 7.7354131306997225
11 27 26 25 24 21 5 20 11 9 14 0 7.365600494481785
11 28 27 23 18 2 5 10 9 17 14 0 7.360938140670476
11 26 25 21 20 10 11 1 4 7 6 0 7.87586919074853
8 23 17 12 9 16 26 11 0 5.53684487026127
11 28 27 21 20 15 5 11 13 18 12 0 7.397242728230904
11 26 20 14 12 2 8 11 9 7 4 0 7.897148752467068
2 15 0 1.9815944076120315
11 28 27 25 22 2 21 12 9 3 4 0 7.9526959792048455
11 27 26 23 17 21 8 1 10 9 2 0 6.575449269603045
11 27 25 24 23 10 19 17 9 3 14 0 6.207975530217897
11 24 22 21 12 17 5 8 11 7 3 0 7.046846898629406
6 11 1 25 5 26 0 4.753634762101151
11 27 26 25 22 21 5 13 19 17 18 0 7.342826010041257
11 25 24 18 13 14 5 11 4 3 6 0 7.244671083070495
6 14 18 13 24 10 0 4.466912279624047
8 16 2 13 5 6 8 1 0 5.937786724591529
6 6 25 4 9 16 0 4.172536627870027
9 23 15 12 1 3 5 11 9 0 7.019737854814279
10 27 23 20 5 19 18 6 12 7 0 5.762151283743728
11 26 24 21 17 2 14 8 13 16 6 0 7.180969803377835
11 24 18 17 13 10 8 1 9 16 6 0 7.406866721759142
2 7 0 1.9067394187657594
11 27 26 24 20 16 22 14 9 7 4 0 6.736742674101032
11 25 23 22 20 19 8 1 9 15 4 0 6.754816934148431
11 27 26 24 14 13 5 1 12 22 6 0 6.190030459365758
11 26 25 24 17 21 8 11 10 16 13 0 7.499599210400116
8 25 2 10 9 21 16 1 0 5.370102751325116
11 25 24 16 14 15 13 11 12 3 6 0 7.239577502729562
11 25 20 16 15 10 5 11 1 6 4 0 6.82996871115086
11 22 17 14 12 9 5 11 1 3 2 0 6.934403137392519
11 28 24 22 20 15 8 11 1 16 13 0 7.348060993653685
10 28 27 26 24 3 22 12 9 6 0 7.119134073139662
11 26 22 18 17 10 5 13 4 15 2 0 7.105519998447924
11 28 27 26 18 3 5 13 12 16 14 0 7.7786993550345045
5 24 21 10 12 0 2.6774924326947946
11 27 25 21 20 2 14 12 4 6 18 0 6.805850892691747
11 28 27 16 12 10 3 13 9 7 4 0 7.990986047341208
4 17 13 19 0 2.610595395492462
2 28 0 1.6780296866740287
11 19 16 14 12 10 5 11 9 3 4 0 7.011839121485197
11 27 25 23 18 15 19 1 13 17 6 0 7.0794089514176015
11 26 24 22 20 10 8 1 9 7 18 0 7.793994310836796
11 28 27 22 20 15 18 12 9 16 6 0 7.235483575620272
11 27 26 21 15 9 8 1 4 7 17 0 6.671894042616451
11 28 25 22 21 2 5 10 4 19 18 0 6.405979232094905
5 1 21 6 24 0 2.6334212852076773
11 28 26 21 14 10 5 17 9 7 6 0 7.437773583972877
11 28 26 23 20 3 5 11 12 7 6 0 8.118788433584063
11 27 24 19 15 14 5 1 4 3 17 0 7.137955366492192
5 6 27 4 13 0 3.1738546728885275
11 28 27 24 23 2 19 6 16 15 18 0 6.403043040684729
11 24 22 20 17 3 16 8 9 7 6 0 7.596535357175126
8 26 22 10 7 3 16 11 0 5.3720643069864495
9 28 21 20 7 9 26 11 4 0 6.179798882517852
11 24 21 16 13 3 5 12 9 7 2 0 7.265853825663351
11 28 22 21 16 19 5 1 13 14 12 0 7.069874642394224
8 18 15 7 14 3 27 1 0 5.063984734132964
5 26 27 10 6 0 2.944462323631927
11 26 22 21 12 9 18 11 4 7 3 0 7.574134122306624
8 28 14 7 20 6 5 8 0 5.410218387730157
8 25 15 12 2 4 27 13 0 5.3936431367751965
11 27 26 24 17 10 3 6 9 23 4 0 5.836093166432029
11 26 24 17 12 2 3 8 9 7 4 0 7.725023115064918
5 15 22 23 24 0 3.298372963085523
11 28 19 16 13 15 11 1 9 6 4 0 6.878891330701773
11 26 25 24 20 15 13 12 9 16 18 0 7.948335262670748
10 28 26 19 15 21 6 13 16 7 0 6.754985191113414
11 28 23 21 12 10 8 1 16 7 6 0 7.25783224532692
11 25 22 15 14 2 8 11 1 3 12 0 7.085324653351245
11 28 26 23 22 21 13 20 4 16 14 0 7.59819486432686
8 22 7 10 20 3 14 11 0 5.467850542606668
11 25 23 20 18 19 17 11 16 7 6 0 6.885143798203623
11 28 25 24 20 21 5 12 9 7 2 0 7.919695152460946
6 26 11 25 6 21 0 4.345367710040516
11 28 24 23 22 15 19 1 10 3 6 0 7.457676443641738
11 26 21 18 15 16 8 11 1 9 6 0 7.173653521039977
11 28 25 24 18 21 13 1 10 15 14 0 7.0142419350475365
11 27 19 18 14 17 13 1 4 6 2 0 5.996623106016785
11 26 25 23 22 6 5 11 12 17 4 0 7.953823695566104
6 11 22 10 1 26 0 4.405177870338032
7 23 8 10 20 9 21 0 5.091061699529206
11 23 17 16 13 2 8 12 9 7 4 0 7.653356506855369
11 23 21 19 18 15 14 8 10 16 6 0 7.453835567094682
6 9 25 4 13 21 0 4.197120807938248
11 28 27 20 15 9 19 11 4 7 2 0 8.118099541031127
11 28 26 23 20 8 5 11 13 9 18 0 7.589504346180329
11 22 21 16 11 10 6 8 9 3 4 0 6.931873071716343
11 27 23 22 20 21 3 1 19 15 18 0 6.070039517852032
11 28 24 23 20 10 13 11 9 6 4 0 8.026801248066784
11 27 23 21 16 15 5 8 12 17 14 0 6.014369267304995
11 28 27 25 20 16 6 1 23 7 4 0 8.430591177984995
11 26 23 22 15 19 5 1 10 3 4 0 6.896893921944777
11 21 18 13 9 10 5 8 1 3 2 0 7.509651113341206
11 26 22 21 18 2 14 12 16 17 4 0 7.051771957358529
11 24 22 19 15 14 17 13 9 3 6 0 7.617426282909058
11 27 25 23 21 15 19 2 10 3 18 0 6.29203060702388
11 28 26 25 24 15 19 11 23 7 1 0 7.930364126070518
7 1 2 28 5 21 22 0 5.483361604060259
11 28 25 20 18 15 14 8 13 16 6 0 7.710533843288552
2 27 0 1.0370277339312002
11 27 26 25 24 3 5 11 17 7 18 0 7.532399655795159
9 27 22 25 2 3 14 13 4 0 6.057907390076477
11 28 27 25 13 10 3 11 12 7 4 0 8.586213002495663
11 28 27 26 25 10 16 13 4 7 18 0 8.028821579064884
11 25 22 17 11 6 16 1 9 3 2 0 6.502385749627911
9 23 18 6 2 3 14 11 17 0 6.335122548011185
11 28 26 23 20 1 8 11 12 3 4 0 7.7540480253255915
11 26 25 22 19 21 14 13 10 3 4 0 7.115678826756062
11 28 25 21 14 17 5 11 10 7 13 0 7.598362778735434
11 28 26 23 14 10 5 8 12 6 2 0 7.605682809597473
11 27 25 23 14 19 5 11 1 9 6 0 7.484609008428073
11 28 27 24 22 2 21 8 12 3 6 0 7.229268293241056
11 28 22 18 15 14 13 11 9 16 6 0 7.3724675223516165
11 27 26 21 20 3 5 6 10 14 18 0 6.341914905676266
11 21 18 16 14 15 8 1 13 9 4 0 7.096364035020612
11 28 27 26 20 21 14 3 9 7 6 0 8.159632534230285
11 28 22 20 18 15 16 11 4 17 6 0 7.591082055732242
11 25 22 21 18 15 16 13 4 7 2 0 6.818980746832631
11 28 27 26 19 15 8 1 23 7 9 0 7.485557011673352
11 27 26 23 22 10 14 13 4 15 2 0 6.604684171408063
11 25 19 18 15 2 14 8 12 7 6 0 6.627584793398757
11 28 27 25 23 9 22 11 1 3 6 0 7.609578778559662
7 17 8 13 12 28 22 0 5.23434470210626
2 5 0 1.0351810727077024
11 26 25 24 14 16 13 11 1 9 4 0 7.8726770375949915
11 25 22 19 14 16 5 8 13 2 12 0 7.5681827348379915
11 27 26 25 24 21 8 12 9 7 18 0 7.720008552368398
11 28 24 23 21 15 19 2 9 3 18 0 6.901952576907006
2 2 0 1.0788680522128948
4 1 8 21 0 1.7967856213030398
3 16 18 0 1.532672750937901
11 21 19 18 16 10 14 6 9 17 4 0 5.7108175713356
11 26 24 20 18 2 14 12 9 17 4 0 7.620691947061875
11 27 19 18 15 3 8 1 4 7 2 0 6.390566029113014
11 27 26 23 18 19 5 1 17 7 14 0 6.646025613510194
4 16 3 9 0 1.6705096329886986
11 27 24 20 17 16 13 11 4 7 18 0 7.179522301706303
9 27 24 23 20 25 22 8 12 0 5.69588579290716
3 22 5 0 1.2089002638143795
11 21 20 18 17 10 16 13 4 3 6 0 6.352615973853306
11 25 23 22 18 10 14 11 9 15 12 0 5.9073513232662
11 28 25 22 13 10 11 8 4 16 2 0 7.35732216254243
11 28 23 22 18 15 14 8 1 16 6 0 6.218995194934159
11 27 26 25 14 16 13 12 9 7 2 0 7.531206296260386
11 22 21 20 18 3 13 1 12 7 2 0 7.484624401440912
5 6 8 4 24 0 3.178706853150862
11 27 24 21 20 19 5 8 13 7 6 0 7.23779595402465
11 22 21 20 18 19 11 1 12 7 4 0 7.356029907705338
11 25 24 21 20 2 5 6 16 3 18 0 6.953712544064438
3 15 18 0 1.8282719132972347
11 26 22 21 20 10 8 1 13 4 18 0 7.617801610126852
11 28 23 20 17 15 14 8 9 7 18 0 7.363081813255699
5 26 6 28 12 0 3.402049403027383
11 28 25 24 18 21 8 11 16 7 6 0 7.428781262028867
3 14 27 0 1.4000833482830943
11 24 23 20 18 10 6 12 9 17 4 0 6.542247298658587
6 3 25 19 4 16 0 4.194483767105491
4 15 21 4 0 2.2142884222192745
8 28 15 10 7 3 22 27 0 5.363677642740686
10 27 26 20 1 19 18 8 4 17 0 6.337957353687974
11 26 24 23 17 15 19 2 9 16 4 0 7.352233799499649
11 24 18 17 15 3 8 11 12 7 2 0 7.1382320441794915
11 28 25 22 20 21 5 17 4 19 18 0 7.506911434364551
11 26 23 22 15 6 5 8 1 7 4 0 6.851383759174121
11 27 25 24 20 19 13 1 9 23 12 0 7.231779153068179
11 28 27 21 18 16 19 17 4 7 14 0 7.1530167687042345
11 28 23 19 14 10 18 11 9 3 2 0 7.480295073099634
4 19 14 13 0 2.3618241221422567
2 7 0 1.9067394187657594
11 27 25 23 20 16 22 1 4 17 5 0 7.368500964203579
11 23 22 16 13 15 5 11 12 7 6 0 8.01600648626589
11 23 22 20 15 19 8 12 9 3 2 0 8.050913785411025
11 27 23 21 19 15 5 11 9 16 18 0 5.975955166221527
11 25 24 22 21 10 11 1 4 17 2 0 6.019143013326244
11 28 21 20 14 10 3 8 17 7 2 0 7.634294631537549
11 19 18 15 12 10 5 8 9 3 6 0 7.405506792091311
10 23 22 18 12 15 13 1 4 3 0 6.9698498498555335
11 27 26 25 18 15 3 13 23 7 14 0 6.988422921220538
11 25 22 19 18 2 8 11 16 3 4 0 7.416267645133152
11 24 21 19 18 2 16 17 9 3 6 0 6.953181288549954
11 26 24 21 19 2 8 1 13 16 4 0 7.157954449348148
7 23 2 20 9 16 22 0 5.221808606851934
11 28 24 23 16 9 19 1 12 3 4 0 7.471261587280134
11 27 25 22 17 16 5 2 9 7 21 0 6.286109969504719
8 23 20 19 4 16 26 8 0 5.548858503909702
5 8 18 21 2 0 2.748293017924528
11 24 23 22 17 21 5 1 12 16 14 0 6.2161749732582035
11 27 24 23 19 21 14 2 16 3 4 0 6.301738530212081
2 14 0 1.554818812066437
2 15 0 1.9815944076120315
6 17 6 28 5 26 0 4.793444151161648
11 28 24 21 12 10 11 8 4 17 6 0 7.426902077396758
10 22 17 13 5 10 8 11 4 3 0 7.16729148221947
6 7 27 12 5 19 0 4.962832314264199
11 25 22 21 20 15 14 11 16 3 4 0 7.339872755024427
11 27 25 22 14 2 5 8 11 3 12 0 6.853341621313238
11 27 21 20 17 19 5 8 11 15 1 0 6.266974491867083
9 24 21 12 2 3 6 7 13 0 5.506129682127004
11 27 22 21 14 3 5 13 12 7 6 0 7.183984465448814
11 28 24 22 19 21 14 11 13 15 6 0 6.55799513405387
11 27 26 22 20 15 14 12 16 17 4 0 6.452687187096188
8 23 27 4 14 10 22 12 0 5.490065263345408
11 24 23 21 20 15 19 8 1 7 12 0 6.982998658103169
11 24 23 21 20 19 14 6 9 17 18 0 6.744695515469935
9 23 18 10 2 3 17 11 1 0 6.628781421281959
11 20 19 18 15 2 13 8 9 3 12 0 6.66650144911984
11 26 25 24 19 21 8 12 4 9 18 0 7.232679589557051
4 3 11 13 0 2.499293455850972
11 27 24 22 13 15 5 11 12 2 4 0 6.386681986269203
4 1 27 13 0 2.4355836155387705
11 28 25 22 20 19 13 11 1 3 4 0 7.736462680551192
5 15 2 3 13 0 3.753534927268781
11 28 26 18 17 2 14 12 16 3 4 0 6.693703561901552
11 28 25 24 20 10 5 11 12 15 14 0 7.615446351142862
11 26 25 23 14 17 3 11 13 7 6 0 8.147761362121685
11 27 21 20 13 10 8 1 4 15 6 0 7.2218322188519934
11 22 19 18 15 16 5 11 1 6 12 0 6.593185308227907
7 7 1 23 20 4 5 0 4.761872148331102
11 27 26 24 19 10 16 8 9 3 18 0 6.2180006580450256
11 28 23 22 18 10 19 8 12 9 2 0 6.224809317555857
5 22 10 28 4 0 2.8109509248975497
11 28 26 24 22 21 5 8 23 14 12 0 7.071938855719078
6 15 6 28 4 3 0 4.375327900001844
10 27 20 18 2 14 13 8 4 6 0 5.838813208162234
11 28 25 21 15 9 18 13 4 7 2 0 7.405209616210557
6 7 15 11 12 9 0 4.677860952678864
11 27 26 20 18 15 13 11 1 16 6 0 6.694724468151614
3 3 25 0 1.6269928095105066
6 20 13 12 5 2 0 4.271533943383302
5 23 25 20 9 0 3.2557264681497102
11 25 24 22 20 2 5 10 4 19 14 0 6.627243845266429
4 6 14 11 0 2.4632907226204397
11 25 23 19 13 15 5 11 12 7 4 0 7.679341779327968
11 27 26 20 18 3 5 8 9 7 1 0 6.720099371326374
11 26 24 23 16 21 3 8 12 7 14 0 7.6961383758189665
11 26 23 16 12 10 5 8 13 3 2 0 7.37351555117704
10 28 27 23 1 15 19 11 9 14 0 7.170963359337736
11 28 25 18 13 14 5 8 11 3 12 0 7.64914636312019
11 28 25 24 23 2 19 1 9 16 4 0 7.130490150596868
11 27 25 24 22 10 13 20 9 17 2 0 6.780648924242289
11 28 27 25 23 9 19 11 1 7 21 0 7.769796325356377
11 27 18 17 11 10 5 8 1 9 4 0 6.469485674259401
7 22 14 5 1 27 8 0 5.115383518755371
11 27 26 20 17 16 19 1 12 3 14 0 6.793825747994868
4 16 12 19 0 1.9364809573442432
11 27 25 23 20 2 13 11 9 7 17 0 7.850743919923987
3 11 20 0 1.3564616823784634
11 26 21 20 14 9 5 8 4 17 6 0 8.20656439675467
11 26 24 23 20 3 13 11 4 6 18 0 8.167028068446687
9 27 25 5 20 10 18 11 16 0 5.611621371251568
11 26 18 15 12 10 8 11 4 9 2 0 7.687099225932636
11 27 24 17 14 3 8 11 10 7 13 0 6.817166894393759
11 26 24 21 17 19 14 8 2 7 6 0 6.997298546528455
11 28 26 24 16 15 13 1 23 3 2 0 6.8628555488734415
3 8 25 0 1.5289380107129298
11 27 21 18 13 16 5 12 10 2 4 0 6.1964151489895585
11 26 25 24 22 15 14 1 4 3 18 0 7.542293919927121
11 27 25 21 20 2 18 11 17 3 6 0 6.716306656496027
10 23 22 18 2 15 5 11 13 3 0 7.008893137532279
11 27 24 23 20 16 5 12 4 22 2 0 7.127521727756687
11 28 22 21 20 15 5 12 9 7 14 0 7.710083956206541
11 27 24 22 19 21 5 8 13 7 14 0 6.34474330597188
7 23 2 28 12 25 8 0 5.733092966181205
11 28 24 23 21 15 19 13 9 6 18 0 7.180920857023301
11 23 20 17 15 2 14 11 1 9 12 0 7.0542619085142695
9 28 27 10 5 26 18 6 4 0 6.069663375459249
11 26 25 23 22 19 5 11 9 15 10 0 7.709001569024682
7 3 2 13 5 9 26 0 5.753749170348789
11 24 22 21 18 19 8 1 16 7 13 0 7.008918505907121
11 25 23 21 18 16 13 11 1 7 6 0 6.3746913436587995
11 26 24 21 18 15 5 8 13 17 4 0 7.334647021260011
11 25 24 23 19 21 5 1 4 14 2 0 6.964716477659919
11 28 25 24 20 2 19 11 9 6 12 0 7.733706547087579
10 27 20 19 2 15 14 13 18 7 0 6.19217787529616
9 28 26 23 2 15 14 6 16 0 5.659441490828192
5 16 14 18 2 0 2.929538532149736
11 28 27 26 20 2 5 11 12 9 4 0 8.311200384732144
8 21 7 10 5 16 19 12 0 4.6832216300703875
11 28 25 22 11 3 8 1 9 7 2 0 7.398945372060033
11 22 20 16 15 2 14 12 4 3 6 0 7.09835545777228
11 28 25 24 13 8 18 1 12 6 4 0 7.078069746638402
11 28 26 24 14 11 5 8 23 7 4 0 7.286464320601583
11 25 24 22 17 15 14 11 16 3 2 0 6.3401439688161085
8 27 2 19 9 21 16 17 0 4.856413413914472
3 23 16 0 1.277176175024817
11 26 25 24 22 10 13 11 1 3 14 0 7.497315092022657
11 28 27 26 18 23 13 11 1 7 4 0 7.545252829082983
2 21 0 1.0150981895274938
11 27 26 25 24 21 14 13 23 7 12 0 7.729238567572501
11 22 17 16 15 10 8 1 12 14 2 0 6.747211595187515
11 28 26 25 22 23 5 13 16 6 18 0 7.313198253895675
9 24 21 6 2 15 18 13 4 0 5.61802190462985
11 26 22 20 18 15 5 6 16 17 14 0 7.4037167779709
3 7 15 0 1.8190456593505
5 16 18 10 1 0 3.2179968027059873
4 23 18 24 0 2.0093205031034476
11 25 22 17 16 10 5 11 1 14 12 0 6.389321196819217
7 23 7 25 9 16 17 0 4.902457627520357
11 25 24 23 21 10 19 1 4 15 2 0 6.705999413115179
11 27 25 23 13 11 8 1 4 9 18 0 7.234128269958976
11 27 25 21 15 14 17 1 13 7 6 0 6.8364139982147805
11 27 26 24 22 21 14 1 9 23 4 0 6.457186319346327
6 17 15 4 2 16 0 4.724328958088722
6 17 22 4 9 6 0 4.094322258740151
11 27 20 17 13 3 5 11 1 7 2 0 6.817306058014532
4 15 5 19 0 2.387056954570153
11 26 25 24 17 15 16 13 10 23 2 0 7.03998083415192
7 7 2 28 5 15 26 0 5.930760112863597
11 27 20 19 13 15 5 11 10 7 4 0 7.6431729058781315
11 27 26 25 18 9 8 1 4 23 2 0 6.787693919091772
11 25 23 22 14 21 6 13 9 3 4 0 6.624561205147765
11 28 24 23 17 15 19 12 9 14 4 0 7.308937281581068
11 28 24 22 20 19 13 8 16 17 21 0 7.579285085138424
11 24 20 19 15 14 8 11 1 3 17 0 7.40198421077779
11 24 22 21 20 10 5 8 1 17 18 0 7.437909856203547
11 23 19 17 14 10 3 11 9 7 2 0 7.117542893797892
11 26 25 24 16 21 5 11 13 15 12 0 7.39111475514089
11 28 27 22 20 15 3 13 12 7 14 0 7.561783849908469
11 27 26 21 20 15 5 11 9 16 17 0 6.908426516998143
11 28 22 21 20 16 5 8 13 4 12 0 7.481853922347793
11 23 20 13 12 3 8 11 4 7 6 0 8.77072317386231
3 3 25 0 1.6269928095105066
10 27 25 10 13 9 6 8 4 3 0 6.55310090130164
5 16 2 23 5 0 3.465686237665321
11 27 25 24 20 15 5 17 2 3 14 0 6.603633832837353
8 23 14 27 2 9 16 12 0 5.682792012487577
11 25 23 20 14 19 13 11 1 2 4 0 7.039363977113339
11 27 26 23 20 19 13 11 1 6 12 0 7.1251958713772705
11 28 26 23 13 17 3 8 1 7 2 0 7.562060969499636
11 28 27 26 24 10 21 11 12 3 2 0 8.015462921979589
11 26 25 21 11 19 5 8 10 3 6 0 7.569513004744
4 10 27 12 0 1.8206741861964126
11 28 22 21 20 15 8 11 16 17 4 0 7.76992430972517
11 27 26 22 16 21 5 8 13 7 3 0 6.213507446839248
11 28 26 25 20 15 14 6 3 7 21 0 7.574548848443048
11 27 23 21 12 9 13 11 1 6 2 0 6.187920513933292
11 27 26 25 24 2 22 12 4 3 6 0 7.425094598878964
11 20 19 15 14 10 5 11 4 3 6 0 6.651605080850542
11 28 25 22 20 21 5 11 9 3 2 0 7.772971935941688
11 28 26 23 19 2 5 8 1 16 6 0 7.186076897631301
11 26 24 20 16 19 13 11 1 3 4 0 7.811768204969631
6 6 14 28 13 10 0 4.8526543455883235
5 17 18 16 9 0 2.767094696661612
11 28 26 23 15 16 13 8 2 7 6 0 7.472832337218522
11 24 18 17 14 16 8 1 10 3 13 0 7.19437873625762
11 25 23 21 14 2 5 8 9 6 12 0 6.763203371962056
11 28 26 15 14 10 5 8 13 7 12 0 7.4568513100517615
11 24 23 22 18 2 14 12 9 17 6 0 5.9743277427662385
11 26 23 20 17 19 5 13 12 3 2 0 7.3746155503877135
6 6 25 5 20 21 0 4.6270029188927
3 22 2 0 1.7708108894183356
11 23 22 18 12 6 14 1 4 3 2 0 7.563413384150601
11 25 23 22 18 15 19 14 16 7 4 0 5.780093194351114
11 27 24 18 15 10 17 8 12 3 2 0 6.458970146536223
11 23 22 18 14 16 5 8 13 7 6 0 8.00210803540755
5 26 11 28 12 0 3.517098877885889
11 26 25 23 11 10 3 1 4 7 21 0 8.06960399709038
11 25 24 23 18 19 5 11 12 6 2 0 6.928405873227789
4 26 16 4 0 1.9505407777357417
4 17 6 5 0 2.3823855432243413
11 27 25 21 17 19 5 1 9 14 12 0 6.656735196018461
11 25 24 18 15 11 5 8 1 17 2 0 6.504283860781765
11 27 22 20 14 17 5 8 4 6 2 0 7.075495120348934
11 28 24 23 17 15 19 2 10 7 14 0 7.022945695002205
11 25 23 17 13 2 3 8 12 7 4 0 6.776726276933394
11 28 26 21 20 9 8 11 1 7 4 0 7.60949783824794
7 22 14 25 4 19 8 0 5.002879579821306
11 25 24 22 15 11 13 8 1 17 4 0 6.491078177714522
11 27 26 25 19 21 8 11 4 7 17 0 7.167815612311282
11 24 23 17 14 10 16 11 1 6 4 0 6.336460226224284
11 28 27 26 24 15 17 12 4 3 18 0 8.05043454975417
11 25 19 14 9 10 5 3 4 7 6 0 6.25703598353766
11 23 20 18 12 10 5 8 4 6 2 0 7.576931312004018
11 28 20 18 17 2 5 13 16 15 6 0 6.834852791125849
11 28 20 19 12 15 5 8 9 3 1 0 7.925082515682516
8 22 25 10 1 9 17 11 0 5.468483209461673
11 26 23 22 16 9 19 12 4 7 6 0 6.548171294871066
11 26 25 24 22 21 14 13 16 15 6 0 7.386188591211379
11 28 24 22 18 21 5 8 1 7 13 0 7.015344294348326
11 28 21 18 15 16 5 8 1 3 13 0 7.177594800369046
3 10 13 0 0.8205583211009806
11 26 20 19 18 15 11 1 10 17 6 0 7.356256133990412
3 3 7 0 1.4456166713783032
11 28 24 23 20 19 8 1 10 15 6 0 7.797877529703634
11 27 25 23 12 10 16 11 9 7 3 0 7.5728257031313655
11 28 26 25 23 21 13 8 12 17 4 0 7.650695632183124
11 26 24 22 21 15 19 11 12 16 6 0 6.707516998691268
11 27 18 16 14 10 11 1 9 6 4 0 6.775092270834179
11 28 25 21 20 3 5 8 1 17 6 0 7.890257119610856
9 18 13 7 2 6 5 8 10 0 5.605995912512863
9 28 22 5 2 19 17 1 16 0 6.354209508174745
9 25 20 19 12 2 16 1 23 0 5.943994386626715
7 17 14 19 1 15 27 0 5.410867775669483
11 25 21 20 14 16 3 1 9 7 2 0 7.634349294573259
11 26 25 23 12 10 13 11 9 3 4 0 8.631139278996239
11 28 27 22 20 19 5 11 9 16 18 0 7.810693905712486
6 7 11 28 9 25 0 4.661707146471921
11 25 24 21 17 14 13 11 4 7 18 0 6.8886435547256015
5 15 2 11 12 0 3.7694556241612034
11 27 23 21 17 19 5 1 12 15 6 0 5.86260423048412
11 23 18 16 13 15 5 8 1 7 6 0 8.095004353655684
11 28 27 23 22 10 21 13 4 7 6 0 7.871640365052482
11 27 25 20 7 10 6 1 4 3 2 0 7.065031268475637
3 24 5 0 0.9428757514830538
11 26 25 22 18 9 5 8 11 3 17 0 7.053351218236659
11 27 24 22 18 10 5 8 12 16 2 0 6.064863615792148
11 28 21 20 18 15 19 1 9 17 13 0 7.559311888329806
11 27 24 21 18 19 13 1 12 6 2 0 6.129222438760607
11 28 22 21 18 19 14 11 10 16 2 0 6.881802611558846
11 28 27 23 18 15 5 3 13 7 2 0 7.31492195590312
6 7 18 11 24 15 0 4.565696581052714
11 27 25 21 20 16 5 3 4 7 14 0 6.963670256465453
3 12 2 0 1.1948369626562576
11 27 26 22 14 19 13 1 4 9 2 0 6.562964086680157
11 28 25 23 19 21 16 8 12 17 6 0 7.633353435301029
11 28 18 12 11 10 5 8 1 9 6 0 7.92350291392564
11 25 21 20 15 19 5 13 10 6 2 0 7.154856834286332
11 26 25 22 20 21 6 11 4 17 2 0 7.605972593100023
11 27 26 24 23 3 5 13 4 17 6 0 6.210836306170185
11 25 24 19 18 16 8 11 13 7 14 0 7.447516202351735
4 20 2 27 0 2.191147081353823
11 27 26 21 18 2 5 6 17 3 14 0 5.668391027124866
11 28 23 21 16 19 5 11 1 3 2 0 6.562539362726487
11 27 25 24 18 21 5 11 4 3 2 0 6.68803978781622
11 28 25 24 20 16 5 8 13 17 12 0 7.972109442569131
11 23 22 18 12 16 5 8 9 7 3 0 7.9448995307548484
7 23 11 6 20 9 13 0 4.914560976092801
11 25 24 17 15 16 5 10 4 7 14 0 6.57993451626694
3 12 14 0 1.1104857844827012
11 27 24 22 19 10 5 1 12 17 6 0 6.053307526571039
5 16 18 26 5 0 3.2931081729297134
11 26 24 22 18 3 13 8 4 17 6 0 7.14884769354992
7 23 8 19 9 3 24 0 5.091836968679504
11 28 27 20 15 16 5 13 12 9 2 0 7.903737411069631
11 28 25 24 17 19 6 1 12 7 4 0 7.214153409353683
11 26 25 23 17 16 8 11 9 3 18 0 8.04660359591409
11 27 26 24 17 15 11 1 10 7 18 0 6.051335958317415
5 28 15 12 9 0 3.2616439978523504
11 27 20 18 16 10 8 11 13 15 12 0 6.219714118653315
11 27 24 23 18 10 17 13 4 7 6 0 6.891163438390359
3 24 13 0 1.2217792263965783
6 23 17 12 5 26 0 4.4245733248149826
11 26 24 23 11 10 6 8 9 17 2 0 7.5361097174381735
11 26 23 20 14 15 5 13 4 3 6 0 7.901938167509089
11 26 24 23 22 2 16 13 9 17 18 0 7.875561116037631
11 27 24 22 18 2 8 12 9 17 4 0 6.181253390046077
3 16 20 0 1.3332727778112168
11 24 21 18 17 9 5 8 11 16 4 0 6.604363053078526
7 15 22 6 5 3 26 0 5.356455556457163
5 23 20 19 5 0 3.334261990228087
11 27 25 23 18 2 3 1 12 7 4 0 7.038455993550025
11 28 24 22 14 21 5 11 9 3 2 0 7.459359231822687
11 25 23 21 20 15 8 1 9 16 10 0 6.676268293453981
11 28 27 18 15 16 5 8 13 3 12 0 7.572124974991667
11 27 25 23 20 19 22 1 17 14 18 0 7.369112585791038
11 28 26 24 20 23 13 11 9 17 12 0 7.3480808897375836
9 27 25 23 9 15 21 10 4 0 5.048015312331393
11 26 25 22 19 21 8 11 13 14 18 0 7.131649841280722
11 28 26 25 17 14 5 1 13 23 6 0 7.468855493477278
11 26 25 14 11 3 8 1 9 7 2 0 7.589075043001276
11 24 19 18 17 16 5 8 13 7 12 0 6.557998770877463
11 27 20 19 18 15 3 11 12 7 6 0 6.876144037994379
4 3 22 19 0 2.344259443943331
11 28 25 20 18 3 16 13 10 7 14 0 7.7416498908532
3 16 27 0 1.5312597814693552
11 28 27 26 22 21 14 6 9 3 18 0 7.704887242826637
11 28 27 23 20 15 5 1 10 3 12 0 8.111583184183441
11 26 24 21 19 3 5 10 4 7 6 0 6.894515729569653
11 28 21 16 15 10 5 11 4 3 6 0 7.264157270944649
11 27 26 18 13 17 8 11 12 7 6 0 6.721627913236784
7 17 8 13 12 10 16 0 5.385373198661432
11 27 21 17 13 15 8 1 9 3 12 0 6.73049240057718
11 28 25 23 19 10 5 11 9 16 13 0 7.722372453727769
11 25 21 20 15 2 14 8 12 7 6 0 7.468706212248689
11 25 15 14 13 2 8 11 9 6 12 0 7.315384551822774
10 25 24 23 15 10 18 20 9 22 0 6.202051332924059
11 25 22 19 13 10 5 8 9 3 18 0 8.149105242699333
11 28 26 25 20 2 5 13 10 7 14 0 8.28551282150679
11 26 25 22 18 15 5 6 9 17 4 0 7.050770598213093
11 28 27 25 22 17 13 1 4 7 18 0 8.092936873434123
8 26 24 7 20 27 5 11 0 5.359708579430066
11 27 26 22 17 15 5 6 4 7 21 0 5.993532815768335
11 28 26 22 16 21 8 11 9 7 13 0 7.113397118683086
11 24 23 21 20 10 18 1 13 7 6 0 6.813161774121006
10 28 20 14 12 15 8 1 4 3 0 6.522852060195344
11 28 20 18 14 15 5 11 9 3 4 0 7.683179980958833
11 28 27 21 17 19 13 1 12 15 14 0 7.112013297771495
8 26 27 4 24 3 19 20 0 5.6088790093765075
8 14 18 6 7 3 13 11 0 5.160938244905357
11 28 23 21 15 10 13 8 12 14 2 0 6.700236496235349
11 25 23 22 16 19 8 1 10 3 12 0 6.0867834384126525
11 28 25 23 16 3 5 10 4 7 2 0 7.468563942372549
9 28 27 5 14 16 24 12 9 0 6.330322454819011
11 24 22 21 14 11 5 8 10 16 6 0 6.848091891598125
11 27 26 24 14 10 18 1 4 9 2 0 6.410272896193504
11 26 23 21 17 15 19 12 10 9 6 0 6.411680164084341
3 3 6 0 1.3770178482259054
11 28 25 23 12 21 5 10 9 7 2 0 8.12513478804691
11 25 24 22 11 10 6 1 4 7 2 0 6.425829483285911
4 1 2 3 0 2.415237689198441
6 22 14 25 20 19 0 4.928343501014904
11 27 26 13 10 3 5 8 1 7 2 0 6.861805773510981
6 6 18 20 24 4 0 4.094659772334683
11 28 27 23 22 14 13 1 9 16 18 0 7.832154789970699
11 28 26 25 22 2 3 17 9 7 18 0 7.69894708214429
11 19 18 16 15 10 11 1 4 9 2 0 6.772199011026682
11 27 26 23 22 2 16 20 1 17 21 0 6.7149691019522
6 11 1 10 5 26 0 4.55812791923322
11 28 20 19 12 16 5 8 4 6 2 0 7.998526120737872
11 27 25 24 14 10 19 1 13 6 2 0 6.8666288772490836
6 8 18 11 2 21 0 4.535751941065641
11 26 17 15 12 10 8 11 9 7 3 0 7.338658995053287
2 2 0 1.0788680522128948
11 27 24 20 13 9 18 12 4 3 2 0 7.008658354871298
11 28 27 26 24 16 5 8 4 17 18 0 8.43830293360472
11 27 20 19 15 10 8 1 2 3 18 0 6.9075118520529815
9 26 24 10 7 21 22 1 18 0 5.766791772123845
11 27 20 18 14 15 5 1 4 3 6 0 6.897591751722503
2 23 0 1.8755753795286534
11 24 22 17 14 2 5 11 10 7 6 0 7.1615645623518045
11 27 24 23 20 19 5 12 4 22 6 0 7.27050613709255
11 28 23 19 17 2 16 8 10 15 6 0 6.845704853924671
10 26 24 23 2 9 13 1 4 3 0 7.336982785401865
11 28 27 26 15 21 5 11 12 9 2 0 7.9706238050981515
11 25 20 19 15 10 14 11 9 6 4 0 7.478809881889513
11 28 27 21 15 19 8 1 9 7 12 0 7.805020403770823
11 26 24 18 15 10 16 11 9 7 2 0 7.483033395195771
9 20 15 10 5 9 18 1 4 0 6.002977724556776
11 28 25 24 16 15 19 10 4 3 2 0 6.824961808823885
11 27 26 25 24 3 5 13 16 17 12 0 7.6369570800380515
11 25 17 14 13 10 6 1 4 9 2 0 6.3875098037277365
11 27 21 20 16 19 3 13 10 7 14 0 6.754922834033044
11 23 22 21 15 10 5 11 9 3 2 0 7.6232207508781515
11 26 25 24 23 3 22 11 13 7 18 0 7.437249038297653
11 25 23 21 15 19 5 8 11 7 13 0 6.804351181397666
4 15 21 25 0 2.532854415892759
4 7 20 4 0 2.2614018094181763
11 26 22 21 20 3 13 11 1 16 18 0 7.87889641872052
5 23 2 5 20 0 3.7402561577981315
11 27 23 22 20 15 19 8 2 7 18 0 6.167906282745436
11 27 21 20 15 16 13 1 10 2 12 0 6.545818970768831
4 22 14 25 0 2.7124105630121615
7 22 25 4 1 9 24 0 4.746233860870998
11 26 23 20 17 19 13 11 12 14 4 0 7.349072997210813
11 27 24 23 19 21 14 8 10 16 4 0 6.697552722772732
7 23 14 25 5 19 18 0 5.407491089115843
2 15 0 1.9815944076120315
6 24 27 25 12 19 0 4.478551076532048
7 7 2 13 5 10 17 0 5.5646652691965235
11 27 25 24 20 15 16 12 9 7 14 0 7.109316505976621
11 24 21 19 15 14 13 11 12 16 4 0 7.457389753141625
7 17 1 23 24 16 19 0 5.01693185804973
11 26 24 22 21 15 14 11 19 3 6 0 6.600543805373324
11 28 26 25 17 15 19 10 16 3 6 0 7.230494783754926
11 27 26 24 22 15 3 13 19 7 14 0 6.360955626041859
5 22 27 25 12 0 3.4589791675973647
11 27 20 19 18 14 8 11 1 17 6 0 6.80149066942899
11 28 23 22 20 19 5 8 16 7 6 0 7.193864466035835
11 24 21 19 13 10 16 12 9 7 4 0 7.806259854619141
7 7 27 25 6 21 22 0 5.039656732429872
11 28 21 19 18 15 17 13 9 7 2 0 7.523827623825595
8 23 18 10 2 15 26 1 0 6.120588501991971
11 26 21 20 15 14 8 12 10 6 18 0 7.309875551143045
11 25 24 22 20 3 14 8 17 6 18 0 6.695933953315389
11 26 25 24 17 15 22 1 9 7 12 0 7.67006853184994
11 27 19 18 14 15 5 1 10 3 4 0 6.397202963306569
11 25 24 23 22 10 5 13 9 7 17 0 7.538145403486404
11 27 26 25 22 3 17 12 4 7 2 0 7.051687903495431
11 28 24 23 18 15 19 1 13 14 4 0 7.357205435953318
4 26 13 10 0 2.4936679094789973
8 24 18 4 20 17 5 1 0 5.001834402289021
11 28 26 24 22 14 17 1 9 7 18 0 7.100477414581635
11 25 24 23 20 15 5 11 1 3 12 0 7.663854945705941
11 27 25 24 14 17 5 8 13 7 3 0 6.915611791085851
3 3 7 0 1.4456166713783032
11 26 23 22 14 2 13 12 9 7 4 0 7.226603517755752
7 7 6 4 24 21 27 0 4.964637336880968
3 25 13 0 1.207945708929607
11 26 24 20 15 10 2 11 9 7 4 0 7.833044545422485
2 25 0 1.386276932495742
11 24 16 15 14 10 8 1 13 6 2 0 6.5864840449244175
11 28 27 26 25 15 11 20 4 3 21 0 7.63390449471939
11 27 25 23 20 21 5 11 17 7 2 0 7.579337017363302
11 25 22 21 18 19 5 11 1 14 6 0 6.638742353837724
4 3 21 5 0 2.105507503952622
3 12 10 0 0.7302971660623288
5 16 2 19 9 0 3.3481563830957155
11 28 27 25 21 2 8 1 13 16 4 0 7.845072974147772
2 10 0 0.9988895446671154
11 27 24 20 14 19 5 3 9 7 2 0 7.233180824805413
11 28 25 24 20 10 5 8 13 6 2 0 7.6349454454416685
11 26 24 23 20 21 5 8 10 7 12 0 8.35533711377743
11 28 27 25 20 11 8 1 9 3 22 0 8.149303525819331
9 28 25 3 15 21 19 7 9 0 5.978225214187053
10 28 27 25 14 6 18 1 19 17 0 7.0949806325210165
8 26 27 19 12 16 17 25 0 5.802092202160789
10 23 22 19 14 3 16 8 10 6 0 7.129941157751293
11 26 24 23 22 16 14 8 4 7 18 0 7.9339255032297125
11 27 26 23 17 19 3 1 13 7 6 0 6.832167789310461
11 26 23 22 16 21 13 1 4 15 2 0 6.478273028298816
4 1 4 5 0 1.8483333096517554
11 28 26 22 13 21 8 1 12 9 2 0 7.220245721521534
11 27 20 17 14 15 6 8 9 7 4 0 6.687428672389826
11 26 24 23 20 3 19 8 13 16 2 0 8.247160792888392
10 25 19 16 12 15 5 1 10 3 0 5.842625086494058
11 28 24 22 18 21 16 8 9 17 4 0 7.0289887749578455
11 27 26 25 22 9 19 11 1 6 4 0 6.9359854812497765
2 11 0 1.7091841498199443
11 28 26 22 17 21 5 1 12 16 4 0 6.888903027494528
11 28 23 16 12 15 11 1 9 7 6 0 7.1180137822141365
2 18 0 1.2863090537751798
11 22 19 18 11 10 5 8 9 7 13 0 7.030271509575286
11 27 24 23 15 16 13 11 10 3 2 0 6.949966488286177
10 22 20 13 12 3 18 1 4 7 0 7.348572935017368
11 28 26 24 14 23 5 11 10 9 4 0 6.992664676861796
11 28 24 21 20 10 19 13 4 2 18 0 7.285153611713969
11 24 21 18 17 10 13 8 9 16 12 0 6.765985772188703
11 23 21 20 18 3 5 13 12 7 4 0 7.883458449048643
11 26 22 20 18 3 8 11 4 7 6 0 8.020027650237123
3 14 21 0 1.0801279685797818
11 28 26 19 15 14 13 11 12 7 18 0 7.844896099387558
2 20 0 1.3212743513440173
8 16 14 6 7 9 18 1 0 5.081605425659688
11 23 22 17 14 16 5 8 11 7 4 0 7.762750805117069
11 27 26 25 19 21 5 8 10 3 6 0 6.930644429877232
11 28 26 20 16 15 19 1 13 7 12 0 7.589047700719578
11 25 24 20 18 10 5 12 4 17 14 0 7.119688835888178
3 5 27 0 0.8804456089243599
3 19 8 0 1.2647425965042345
11 28 25 24 20 23 13 11 1 2 4 0 7.109292637407567
11 28 27 25 20 11 22 8 12 9 4 0 8.164945363822316
8 26 18 28 2 9 21 3 0 5.439635913192447
11 28 26 22 20 21 5 17 9 7 14 0 7.402589989172347
11 19 17 16 14 9 5 11 1 7 6 0 6.929175193643541
2 10 0 0.9988895446671154
4 21 13 12 0 1.8132870712739988
2 16 0 1.6859952452526978
11 26 25 24 22 19 16 11 4 23 18 0 7.491702672788458
11 23 21 18 15 16 8 11 9 3 6 0 7.477657426078068
11 25 24 21 14 19 13 1 4 7 6 0 7.495421291168732
11 28 27 26 20 25 8 12 4 19 2 0 8.136045875259427
11 24 21 19 18 15 13 8 12 6 4 0 7.066014509808571
8 28 15 19 14 9 5 25 0 5.717307143451796
11 26 25 22 20 2 5 11 19 15 18 0 7.588216238847936
11 26 20 19 15 14 5 13 12 3 17 0 7.935363559027997
11 26 21 20 14 11 8 1 9 7 18 0 7.9473198981025055
4 9 14 28 0 2.3970539819651595
11 28 24 23 20 21 14 17 12 3 2 0 7.749565894317169
11 21 19 18 12 10 13 11 4 3 2 0 6.503185417056421
11 27 26 25 23 2 5 6 4 19 21 0 6.414042811603916
4 17 8 25 0 2.8826495814674766
11 27 23 19 18 10 6 12 9 17 2 0 6.082993324469003
11 27 22 21 20 10 14 12 9 3 6 0 6.870440244079688
11 28 26 23 22 2 14 11 9 6 12 0 7.321614609954355
11 24 22 18 17 2 5 12 16 15 14 0 6.4084561595767315
4 4 27 5 0 1.7738284276913037
6 7 11 4 12 15 0 4.468570451315111
11 28 24 23 22 10 19 11 12 21 2 0 7.257671836996245
11 28 22 15 14 10 5 1 9 7 2 0 7.578212248390391
11 27 20 19 18 15 5 8 13 16 12 0 6.990632092606154
11 25 24 23 18 10 5 8 4 9 21 0 7.186037185109863
11 26 24 22 18 21 8 11 10 16 6 0 6.933016131493451
8 14 18 4 5 10 3 6 0 4.922550328169966
8 28 18 7 24 21 27 1 0 5.437438688618363
11 26 20 19 18 2 16 1 9 3 6 0 7.713287714162528
4 3 22 9 0 1.9575697973279065
11 26 20 19 14 9 5 6 4 7 18 0 8.124932713255005
11 28 26 23 13 21 3 8 1 7 2 0 7.907694222927276
10 28 24 23 20 15 8 1 9 3 0 7.182042383245571
6 11 1 4 12 19 0 4.413944691034547
11 28 22 20 18 2 5 8 13 15 6 0 7.486162013007863
6 23 14 27 13 21 0 4.910018478082496
11 26 25 24 20 19 22 1 13 7 18 0 8.290350788030912
11 26 25 24 17 15 22 8 13 3 6 0 7.535365178042753
9 26 20 19 2 3 14 11 1 0 6.445965605501626
5 3 1 25 13 0 3.5064270863474842
11 25 23 22 17 15 5 13 2 7 18 0 5.983966538405113
11 27 25 23 18 21 17 11 10 7 14 0 7.029532095726496
9 26 25 4 20 15 5 6 9 0 6.335227336271199
11 26 23 22 17 10 13 1 16 3 12 0 6.568136791420221
11 27 25 23 20 2 5 10 9 15 18 0 7.170024709374305
11 24 21 19 14 10 2 11 9 7 4 0 7.560840166527978
11 27 26 25 20 19 22 1 9 6 2 0 7.507237783358704
11 25 23 19 12 10 5 1 9 17 2 0 7.53030953551421
11 25 16 15 13 10 5 8 11 7 2 0 6.886492436063146
11 28 27 24 23 15 19 20 11 9 21 0 6.733253719141111
11 27 25 22 20 10 8 1 16 17 12 0 6.977487770880855
11 27 26 25 24 21 14 2 4 23 18 0 7.038801964782849
11 21 18 14 13 3 5 1 4 7 2 0 7.130542772246649
11 26 24 20 18 15 5 12 9 3 4 0 7.659165056095343
3 26 1 0 1.6317055686810904
10 24 22 20 2 3 19 1 10 17 0 7.011624479931008
11 28 19 17 13 15 3 11 1 7 2 0 6.814944737901142
11 28 25 24 22 19 13 12 9 7 4 0 7.6298295053907115
4 16 2 27 0 2.5558679752625038
9 25 22 19 2 21 18 11 17 0 5.808275338626934
11 28 27 20 14 9 18 1 13 3 2 0 7.931769362350907
11 27 26 20 17 10 5 1 9 6 2 0 6.639687360693421
11 27 26 22 21 15 19 1 12 7 6 0 5.925960447178692
11 28 27 22 20 21 3 13 16 15 18 0 7.382261491886148
11 27 23 22 20 21 19 13 16 6 18 0 6.277927645788466
11 26 25 20 15 19 14 11 10 3 4 0 8.193091998408173
11 28 24 21 16 15 5 13 19 3 14 0 6.9805628817413155
11 28 27 26 19 21 16 12 10 17 6 0 7.381194071581142
8 28 18 13 1 25 17 8 0 5.783182833550289
2 24 0 1.400110449962713
11 28 24 23 19 21 16 14 4 7 18 0 7.094783903609027
11 27 26 24 14 21 8 1 13 5 12 0 6.461878277657522
11 27 23 22 16 15 21 1 10 3 4 0 5.556050837580017
2 28 0 1.6780296866740287
11 27 26 25 24 3 5 11 10 14 6 0 7.3286096093793915
10 26 23 21 2 15 14 20 18 7 0 5.901647760592818
11 26 25 24 18 10 22 11 1 3 6 0 7.330442077358571
11 28 22 20 14 19 8 11 9 6 4 0 8.207703851267791
11 28 27 23 20 2 19 8 9 14 4 0 8.292585068901012
11 25 24 23 19 21 8 11 1 6 12 0 6.877230910833016
11 28 27 26 18 3 13 11 12 6 4 0 7.659028003577921
11 24 23 16 13 10 8 11 1 6 12 0 6.668299328911151
11 28 18 13 12 10 8 11 1 5 6 0 7.974259503212682
11 26 25 24 16 19 5 11 12 3 6 0 7.497792237783903
11 26 22 21 14 10 8 11 1 9 12 0 7.619525053930651
11 18 17 16 14 2 5 1 4 7 6 0 7.023182856337252
11 24 23 21 20 2 5 17 14 7 18 0 6.417051896020244
2 16 0 1.6859952452526978
11 25 24 23 17 3 13 12 9 16 6 0 7.178453631650196
11 25 22 20 15 10 3 11 9 7 4 0 7.774262689959505
7 15 18 11 14 4 8 0 4.859269101561139
11 24 22 20 15 10 18 12 9 7 6 0 7.422521755215925
11 24 21 19 18 15 5 8 12 9 4 0 7.166582023825001
11 26 25 23 14 9 17 6 4 7 2 0 8.001474783311888
11 28 26 22 20 2 3 11 16 7 6 0 7.22821728703285
11 22 20 19 14 10 11 1 9 3 13 0 7.949118864690436
11 26 23 22 20 2 16 12 10 15 6 0 6.560790057281913
11 27 25 23 20 15 22 11 3 7 2 0 7.297996762438599
11 27 26 21 13 14 8 11 1 6 4 0 6.5674809616330485
4 3 2 11 0 2.616762412260715
11 24 23 20 18 15 19 11 2 3 6 0 6.465465666776154
10 26 23 19 15 2 21 13 4 9 0 6.561559754135669
11 28 21 20 18 10 19 8 9 7 2 0 7.573848360039904
11 27 21 18 14 16 13 11 1 4 10 0 6.10680005591119
3 19 27 0 1.179537776641614
11 28 26 17 15 16 8 12 4 3 2 0 6.824525942911603
11 24 23 19 14 10 17 13 9 7 2 0 7.50746204864568
11 27 26 25 22 2 3 6 19 7 18 0 6.77685606677573
11 26 24 21 18 15 19 1 9 3 2 0 7.1403648496540155
11 27 22 20 19 15 5 8 11 3 17 0 6.7610963567178155
10 22 17 13 15 2 6 11 10 3 0 6.354390610921373
11 22 21 16 12 10 5 1 4 7 14 0 7.630194945358288
11 28 27 25 20 21 5 13 12 15 6 0 8.47845159234932
8 24 27 13 20 6 19 8 0 5.411679048802835
7 23 15 10 20 3 5 0 5.3213412057678235
5 16 22 25 12 0 3.364607099814087
11 28 23 22 17 19 5 11 9 14 12 0 6.479312904397261
10 28 26 25 9 15 21 1 23 3 0 6.906813775078852
11 26 20 19 13 16 8 11 10 9 12 0 8.178047233951876
7 16 18 10 20 21 5 0 5.112692281174468
11 27 25 24 22 15 21 6 19 17 18 0 6.276169722814404
11 25 21 20 13 18 5 11 12 7 4 0 7.236035664020111
11 22 13 11 7 6 5 8 4 3 2 0 7.807280706673386
9 28 24 26 14 21 3 7 16 0 5.752725598731961
7 17 25 10 14 21 16 0 5.201975801396524
11 28 26 22 15 19 8 1 9 3 10 0 6.875675731862783
2 13 0 1.0673661140534803
11 26 25 21 20 10 16 12 4 3 18 0 7.797525561839932
5 16 18 26 9 0 3.0391843055075203
11 27 26 23 22 15 5 8 13 16 18 0 6.9598352905186625
9 27 18 6 2 16 17 13 4 0 5.744752408383591
8 28 15 13 7 10 26 11 0 5.868678348699862
11 28 23 20 17 2 5 1 16 15 14 0 6.911865878997389
11 28 23 22 20 15 5 12 10 7 18 0 6.850798060247594
11 28 22 18 17 2 13 11 4 15 6 0 6.999707595991344
11 28 27 24 18 23 14 11 12 7 4 0 6.973428276230129
11 26 21 19 15 9 13 8 4 16 6 0 7.996577510986324
2 4 0 1.0988955570661978
11 27 26 22 18 19 5 13 10 7 14 0 6.168320958560488
2 7 0 1.9067394187657594
11 28 26 20 17 10 5 14 9 16 4 0 7.184649049722244
9 28 25 20 2 19 26 13 9 0 7.042229629591916
5 26 27 25 11 0 3.210548393499666
7 23 15 28 2 17 22 0 5.255046243700894
5 17 8 7 2 0 3.367602659833123
11 25 21 18 12 15 11 1 10 2 4 0 6.385129198063426
11 24 20 19 18 15 5 12 10 16 4 0 7.061160385640262
9 23 17 12 14 6 19 7 4 0 5.801079048657727
11 23 22 18 15 10 5 8 1 9 17 0 7.38798723890053
11 26 24 23 18 19 14 6 12 17 2 0 7.191052937655162
11 28 26 22 16 14 13 8 12 17 4 0 6.767844939726206
11 24 23 16 15 10 5 11 1 14 13 0 6.459094406799958
11 27 25 23 22 10 16 13 12 15 2 0 6.847604338824761
11 28 25 24 23 2 19 13 4 17 14 0 7.106295051104148
11 28 27 21 15 10 14 11 9 3 12 0 7.519881865568662
11 28 27 26 22 21 14 13 19 3 18 0 7.936393663565165
11 28 27 23 20 17 22 11 4 7 18 0 8.247504804563558
11 28 27 26 23 2 22 13 9 17 12 0 7.68032869921956
11 27 26 23 14 10 8 1 13 7 6 0 7.385052093099455
11 28 25 24 18 15 5 2 10 16 14 0 6.633467148308387
11 25 20 17 11 10 5 8 1 9 14 0 6.526876159554925
11 24 19 17 11 15 5 8 1 3 2 0 6.155485648894472
11 28 26 24 22 15 14 6 10 16 21 0 6.559839574005222
2 11 0 1.7091841498199443
11 26 19 16 12 10 6 1 9 3 4 0 7.193801466150067
6 7 27 25 6 3 0 4.467719286241531
11 27 25 24 12 8 5 1 23 7 3 0 6.789803810848709
11 28 26 24 14 21 3 12 9 7 6 0 7.423459818476406
11 24 23 21 20 14 8 11 13 17 12 0 6.9169959332016635
11 27 23 21 17 3 16 12 4 7 2 0 5.892828914193668
7 17 1 28 5 15 22 0 5.394126825915489
11 28 25 22 20 3 5 1 12 16 4 0 7.724561853492016
11 26 19 17 15 10 5 11 4 6 2 0 6.644693767414181
4 3 24 28 0 2.3974532229859546
11 27 22 17 14 16 5 13 10 3 2 0 6.645024442952107
11 28 27 24 22 10 19 8 16 3 6 0 7.355554125588164
11 25 23 20 17 19 14 13 2 7 6 0 6.680829516592249
11 27 23 22 20 10 18 1 12 9 4 0 6.045784994905443
8 20 18 12 14 19 13 11 0 5.480981259134514
11 27 25 22 19 10 5 12 4 16 2 0 6.080873794729025
11 26 24 23 20 2 5 1 4 19 18 0 8.16741416224256
11 27 23 22 20 16 8 1 10 3 21 0 6.296004600253729
11 28 26 22 20 16 13 8 9 7 18 0 7.61345341598873
4 16 24 20 0 2.1294411557009214
11 26 24 23 20 9 8 11 13 16 18 0 8.250009165788644
8 24 7 11 20 21 14 1 0 5.156851629829473
11 28 26 24 20 14 22 8 9 7 18 0 7.707206664429083
6 26 2 28 20 9 0 5.06457519827754
11 27 24 23 20 21 5 11 13 2 12 0 7.129209431478177
11 26 25 24 17 2 5 11 12 7 6 0 7.569318276457695
11 25 21 20 15 10 18 8 9 6 2 0 7.012665067631194
11 27 26 20 15 16 5 11 10 9 12 0 6.906783609746159
11 27 19 17 16 3 5 6 9 7 2 0 5.648546258901118
10 27 26 19 2 3 5 11 16 7 0 6.698126767038931
11 28 24 22 20 2 19 17 9 3 18 0 7.302849788123356
11 26 23 21 18 10 5 13 4 17 6 0 6.887256333504531
11 26 25 24 21 2 19 12 9 15 4 0 6.9957463016997625
11 28 25 23 20 21 5 13 12 15 14 0 8.197632175501974
11 28 27 26 23 15 13 11 1 17 18 0 7.488996349557899
5 26 24 13 20 0 3.413663357236758
11 28 27 22 18 10 14 13 12 16 6 0 6.900665110240816
11 28 27 25 20 21 16 11 9 15 17 0 8.419379084245472
11 28 26 23 22 3 19 13 12 17 4 0 7.708915398040425
11 26 25 24 15 19 8 11 10 2 4 0 7.3388806110908025
11 27 26 23 20 15 5 10 9 22 12 0 6.904328367892545
11 27 26 23 18 21 5 1 13 16 12 0 6.819616144421962
11 22 20 15 14 3 8 11 10 7 4 0 7.51061691440157
11 27 21 20 14 2 8 11 9 7 6 0 7.531537393017155
4 7 11 6 0 2.3138527735445447
5 3 8 27 15 0 3.080157393719685
11 28 24 17 12 15 11 1 9 7 3 0 7.122149521074864
11 28 25 24 18 15 19 13 10 17 14 0 7.167135923763342
6 17 15 6 12 16 0 4.638231982701447
11 23 22 15 12 10 8 11 1 9 6 0 7.538463871734905
11 27 25 23 12 14 5 11 1 7 6 0 7.576565697149286
3 1 8 0 1.5135623026348313
8 22 15 3 12 21 16 1 0 5.581456753241341
11 21 20 18 15 16 8 1 9 7 12 0 6.845075228091766
11 28 27 17 14 16 13 12 4 7 6 0 7.560336850728515
11 24 23 22 15 10 5 11 1 7 3 0 6.294389694829256
6 6 2 4 24 3 0 4.615479249317474
11 28 27 23 22 3 5 20 19 7 17 0 7.845103369561816
7 3 14 5 1 10 8 0 5.166720220788255
6 7 24 12 9 3 0 4.475158898068718
11 23 20 19 15 14 5 17 10 7 4 0 7.863306334583019
11 27 25 20 18 3 5 1 9 17 12 0 7.298332632400958
11 25 22 17 14 3 5 11 10 7 13 0 7.2604455399045555
11 26 25 23 20 16 22 17 9 3 4 0 8.433723390015304
11 26 17 14 12 3 5 1 4 7 2 0 7.436283765480331
11 27 24 23 20 21 3 11 16 7 14 0 7.42049584471652
11 22 21 20 16 15 13 8 10 7 17 0 7.436683972127203
11 27 25 23 15 10 8 1 16 7 6 0 7.408425557393112
3 8 12 0 1.040263680887017
11 26 25 24 19 15 5 10 23 3 2 0 6.83223302158243
11 25 23 20 18 19 5 8 4 14 2 0 6.7658505604530665
7 7 2 12 1 19 27 0 5.683868233046266
10 24 16 13 2 10 6 1 12 4 0 6.24611673405022
10 22 21 20 12 14 17 11 13 7 0 7.021534520194105
11 28 25 23 20 15 22 1 3 7 18 0 8.021053119206822
11 28 27 26 25 2 14 13 12 9 21 0 7.7808610423603275
7 15 1 10 5 19 22 0 5.36187461662224
6 23 7 28 9 3 0 4.5403934546460025
11 27 26 18 17 3 5 8 11 7 4 0 6.483070232275606
6 6 2 10 5 19 0 4.850837691557
11 26 22 19 12 16 5 8 11 9 4 0 8.354474701727291
10 27 26 20 13 17 11 1 4 22 0 5.898561721576269
11 28 25 23 21 15 18 11 19 17 6 0 7.203963866406516
3 28 11 0 1.419566996727612
11 24 23 21 16 15 5 1 9 17 6 0 6.458921861076156
7 23 11 28 2 21 26 0 5.671508325811654
11 28 23 22 14 10 8 11 9 7 12 0 7.155624493881634
4 23 3 26 0 2.1958057577309766
6 22 18 28 4 9 0 4.193122303955874
11 28 27 25 22 2 19 11 4 16 21 0 8.21750267999185
3 23 14 0 1.8959001284793937
11 28 23 18 15 10 5 17 3 7 2 0 6.310300993986308
11 27 26 25 24 10 13 11 12 9 2 0 7.372109829919007
9 26 21 10 9 19 18 17 16 0 5.697731790490088
9 28 20 6 14 16 17 8 4 0 6.071680547054634
11 28 26 21 18 15 19 11 12 17 14 0 6.890804981236722
11 25 23 22 13 10 21 8 9 6 2 0 6.400179781578594
11 28 25 21 20 10 13 12 4 2 18 0 7.3308003924818435
11 22 20 19 12 10 5 8 4 7 6 0 8.375650825464097
11 26 23 15 13 10 8 11 1 9 4 0 7.111946922778371
11 28 26 22 20 15 14 13 10 3 21 0 7.177709163394777
9 26 25 10 1 21 22 11 19 0 6.714875291625831
11 26 25 23 18 9 14 1 12 16 4 0 7.745110882542573
11 26 25 23 20 3 5 13 4 7 18 0 8.75860867608623
7 22 8 23 1 21 24 0 4.952654560762134
11 27 24 18 14 16 5 11 4 3 2 0 6.858838575833475
11 28 21 18 15 10 16 8 12 7 2 0 7.118524902604063
8 26 14 23 9 16 22 13 0 5.719777339544086
11 28 27 23 20 10 5 1 13 15 18 0 8.110998563215874
5 23 8 27 15 0 3.20520276021751
11 28 25 21 20 19 5 8 13 4 18 0 7.731919411062545
11 28 27 17 15 16 5 8 12 9 4 0 7.320823510002814
3 9 21 0 0.8896607631604229
11 27 25 23 17 21 14 13 4 15 6 0 7.0024866731867235
11 27 24 22 14 9 17 1 12 3 6 0 6.503626358233777
6 7 18 26 14 15 0 4.615061586331852
2 9 0 1.364351606647078
11 27 26 24 20 15 14 13 23 3 12 0 6.818121321035985
11 25 20 19 15 14 8 11 1 9 17 0 7.296907613592378
3 1 12 0 0.9708814132093183
11 28 21 19 13 15 11 1 9 3 2 0 7.789346277910773
11 26 25 23 20 2 11 1 12 3 18 0 8.158032252404839
11 28 27 26 15 6 19 8 4 3 2 0 7.880072251000105
6 7 8 13 5 26 0 5.072784223590011
11 27 26 25 24 2 5 1 9 3 12 0 7.619616922997341
11 28 26 16 14 10 5 8 11 3 4 0 7.453760085942539
11 27 26 24 23 15 19 11 9 3 17 0 6.064005416731217
11 28 27 26 24 2 19 20 9 17 18 0 8.362034010869554
11 27 18 16 15 10 5 1 4 6 2 0 6.644394284634921
11 23 20 19 18 10 3 13 9 7 17 0 7.8372684911152
11 28 27 23 22 2 19 17 4 3 14 0 7.640397237452055
11 28 26 25 17 10 5 8 16 3 2 0 7.613433387697831
11 27 25 23 20 10 8 11 16 3 18 0 7.636987709017473
8 22 27 12 20 19 18 1 0 5.598903717363735
11 27 26 25 22 10 14 1 13 15 18 0 6.94171586663611
11 28 26 21 20 2 5 13 10 14 18 0 7.305963310204589
11 25 23 15 12 10 5 1 13 9 2 0 6.588220219087604
11 28 23 20 18 15 19 13 16 3 2 0 7.023739043267375
11 23 22 19 18 2 14 1 16 17 6 0 7.749821507236549
10 22 21 19 2 10 8 12 9 16 0 7.063456668126916
11 28 27 24 15 14 5 1 10 7 18 0 7.439544428746902
11 27 23 19 17 2 13 11 1 9 12 0 6.44497636196069
7 23 13 10 9 16 22 0 4.960345138200516
11 27 26 23 20 15 16 10 9 17 2 0 6.849484718942263
4 22 20 12 0 2.289932600165198
11 27 22 17 13 3 6 11 12 7 4 0 6.781530737733284
11 27 26 25 24 3 22 2 16 7 14 0 7.232624990216792
11 27 26 24 20 3 13 8 16 7 14 0 7.044336828183882
10 28 27 25 2 10 18 8 23 6 0 7.230986435891315
8 25 13 10 20 9 17 11 0 5.209287633485662
11 27 20 17 15 2 5 10 9 3 4 0 6.243312494638177
11 27 18 16 14 10 13 1 12 9 2 0 6.926157488398284
5 15 18 23 14 0 3.4132161713920546
11 27 23 17 15 10 13 8 4 16 5 0 5.772762597034055
6 22 14 10 5 3 0 4.728181377968958
11 28 26 24 20 19 17 10 9 23 4 0 7.098672379445031
11 27 25 24 23 21 8 20 1 16 6 0 6.293314108515327
11 27 26 23 13 10 16 12 9 7 6 0 7.244015214382637
11 28 26 25 23 10 19 20 1 17 21 0 7.331626824033383
11 28 23 21 20 14 5 8 9 16 6 0 7.213393000228455
4 23 20 4 0 2.2302377701810707
11 26 19 18 17 2 16 1 12 15 4 0 6.525527247386185
7 7 11 4 1 6 16 0 4.6465023332348725
11 26 22 19 11 10 5 8 9 3 4 0 8.207632503181225
11 27 25 24 23 19 5 12 10 17 6 0 6.1788513376063605
10 28 22 20 15 21 6 13 16 3 0 6.764308861274959
4 16 24 10 0 2.1509848377399345
2 24 0 1.400110449962713
6 26 6 13 24 21 0 4.643837999224625
11 27 24 22 18 19 13 11 10 17 12 0 6.176482965800774
11 22 20 16 14 10 13 8 12 3 6 0 7.564807370643464
5 3 2 11 9 0 3.3115503775416553
7 11 14 10 2 16 18 0 4.989693248359327
11 28 25 22 12 10 3 13 9 7 2 0 7.651151491351451
11 27 26 22 18 15 5 8 12 7 4 0 6.2529827948539225
2 28 0 1.6780296866740287
11 24 22 17 15 10 13 11 1 9 6 0 6.763636969933703
11 27 25 22 13 9 17 8 4 7 2 0 7.004989636774317
11 19 16 15 14 10 13 1 4 3 6 0 6.82356393752657
6 23 25 4 20 16 0 4.602251057290364
11 28 24 23 20 19 22 1 9 3 2 0 8.148110853115385
11 28 24 15 14 10 13 12 9 7 6 0 7.402753577333565
11 27 26 24 16 2 8 11 9 6 4 0 6.2690570645407675
11 25 23 15 13 14 5 11 9 7 12 0 6.871973845238657
11 28 22 21 17 19 5 12 4 7 6 0 7.2265337007978925
9 28 14 26 7 3 5 8 4 0 6.532884777212947
11 28 27 26 18 19 5 6 12 17 2 0 7.416863602077021
11 28 21 19 15 10 5 1 4 9 18 0 7.748386494093477
11 28 27 23 20 19 5 13 4 17 21 0 8.527456256016428
11 27 24 22 20 15 17 8 1 7 14 0 6.689882859485993
11 26 22 20 17 15 19 13 16 7 2 0 7.8657243987767504
11 25 24 23 22 14 5 8 11 16 4 0 7.207467141716288
11 28 24 23 17 19 13 11 10 3 2 0 7.412062749381229
11 27 24 23 20 21 5 13 12 14 18 0 7.399641177156903
11 28 24 23 22 16 19 11 1 17 14 0 7.563906166432659
11 26 24 23 18 19 3 6 12 7 2 0 7.206300078382315
10 25 24 12 17 3 6 8 11 7 0 6.303221625815372
4 17 2 24 0 2.3179729186347036
10 24 19 11 9 6 5 8 4 17 0 6.194833550917757
11 27 25 21 12 19 5 11 9 3 6 0 7.374500535975866
2 18 0 1.2863090537751798
11 24 23 22 20 2 17 11 16 7 4 0 6.77707515457498
4 8 21 5 0 2.0074527051550453
5 3 21 28 5 0 3.2369286286146473
8 28 14 4 24 9 16 7 0 5.131337125233089
11 24 23 21 14 17 3 11 13 7 4 0 6.707142509748641
11 28 22 18 15 10 13 8 4 7 17 0 7.5596485652650465
11 28 27 24 20 10 5 8 9 17 4 0 8.05791327729073
3 16 11 0 1.427532555306281
11 28 27 25 19 21 5 11 16 7 12 0 8.0487888177644
11 28 26 25 24 9 21 6 23 7 4 0 7.862978274614809
11 25 23 21 18 2 13 8 16 7 6 0 6.429742945870853
11 24 23 21 20 10 15 12 9 7 4 0 6.5025473685009825
11 26 25 24 22 21 13 20 9 16 6 0 7.710538400180864
11 24 23 19 16 10 3 1 9 7 4 0 7.048001462835572
11 27 25 24 14 16 5 8 1 2 12 0 6.66394393216623
11 28 26 25 24 21 18 20 23 17 12 0 8.013433220957486
11 27 26 23 20 19 22 8 12 3 14 0 7.403602860941479
11 28 25 24 15 14 22 11 12 6 4 0 7.314953336536789
11 22 21 16 13 15 5 1 9 7 2 0 7.6252366098953015
4 17 7 16 0 1.920715884042943
11 26 24 21 20 14 5 8 19 17 18 0 7.710155397263458
11 25 23 22 17 15 8 11 19 3 6 0 6.100394282062977
11 26 25 23 16 15 19 13 9 7 10 0 7.816436547684614
7 16 18 28 2 14 22 0 5.1343854273476985
11 27 20 19 18 15 13 8 10 17 12 0 6.904433818003762
11 25 22 20 18 14 5 13 9 16 6 0 7.334655662171816
11 27 22 18 15 17 8 1 13 3 4 0 6.5993257108740035
11 28 27 26 24 3 16 11 9 17 21 0 8.419191883932063
11 20 19 18 15 14 8 11 4 3 17 0 6.443151182578123
5 22 24 10 5 0 3.0798363874844092
11 26 25 22 20 15 19 12 4 7 2 0 7.706992604480629
6 6 8 19 20 26 0 4.684550103093182
11 28 26 22 17 2 13 1 12 7 4 0 6.9364619247776655
11 27 23 22 20 3 14 17 16 7 18 0 6.226943414171962
6 7 24 12 5 17 0 4.430009456645409
11 26 20 19 13 10 5 8 4 6 18 0 8.27117491540451
11 28 23 14 12 10 13 1 9 7 4 0 7.312701969605609
11 25 19 17 11 2 5 10 9 6 4 0 5.837284246222138
10 27 26 24 14 21 22 10 4 6 0 5.4296603070969836
9 24 15 19 7 2 5 8 14 0 5.628982758076577
11 24 22 21 14 16 8 11 10 7 4 0 7.453050210861537
11 28 24 22 18 21 16 11 9 7 6 0 7.006363664548612
11 28 23 22 20 10 16 1 9 7 13 0 7.143391406865164
11 27 22 20 14 10 16 8 12 7 2 0 7.4595245508601735
11 28 24 21 12 10 3 1 9 7 13 0 7.682291486693315
2 23 0 1.8755753795286534
8 28 7 23 5 2 26 13 0 5.717402809243884
11 27 24 19 12 17 6 8 4 7 2 0 7.097359130904353
11 25 24 21 15 17 8 1 12 7 2 0 6.790353670028592
11 28 24 20 12 10 5 8 13 9 2 0 8.022513242368094
11 26 21 20 16 19 5 10 9 3 6 0 7.373012041503252
11 28 26 25 20 11 22 8 1 3 12 0 7.814936209972263
11 28 25 23 19 15 5 8 10 3 18 0 7.522807627659586
11 28 21 20 18 10 17 1 12 15 6 0 7.053488886419519
2 14 0 1.554818812066437
11 28 26 20 13 16 8 1 4 7 6 0 8.215649902708385
11 27 25 22 14 10 19 1 12 3 6 0 6.872409156213282
4 7 20 28 0 2.566394577691619
11 28 27 26 24 25 17 8 1 3 18 0 8.240993647493369
11 28 25 22 17 10 16 13 9 7 3 0 7.058752565440738
11 26 25 22 20 15 5 12 10 3 6 0 7.4904030571074784
11 28 26 24 20 2 5 1 16 15 14 0 7.240769148884265
11 26 18 13 12 10 3 11 1 7 4 0 8.652439033384587
11 27 26 20 15 16 14 13 9 7 4 0 7.350316855319482
11 28 25 23 18 19 8 11 13 6 4 0 7.6774710621821765
2 24 0 1.400110449962713
11 25 24 19 15 3 5 10 9 7 14 0 7.451140730245041
11 28 27 24 17 15 22 11 1 3 12 0 7.193969403052003
11 25 24 23 22 16 13 8 12 17 6 0 7.395108969775418
11 28 26 23 20 3 19 8 9 17 12 0 8.173737417749718
7 3 10 19 5 21 24 0 4.976942188637101
6 11 22 9 24 21 0 4.08479284123433
8 19 18 13 12 14 17 8 0 5.297950904845961
7 6 18 20 1 3 24 0 4.920174399331239
11 28 23 19 14 16 11 1 10 7 12 0 7.431989367947327
7 6 14 13 1 27 26 0 5.5626207273667
11 20 19 18 15 10 8 1 9 3 17 0 6.5630612829830595
11 23 22 19 14 10 17 8 1 7 12 0 8.360712106004728
11 25 22 20 11 8 5 1 4 17 2 0 7.154831417582986
11 28 24 19 18 2 17 1 12 7 14 0 7.530514505533178
11 28 25 24 20 15 22 11 16 7 4 0 8.014643148060491
3 20 21 0 0.8465835078573619
11 28 26 24 20 10 19 8 9 23 3 0 7.298888968522068
9 28 24 7 2 6 13 11 9 0 6.012049824311127
2 4 0 1.0988955570661978
3 9 1 0 1.1545020511824884
11 28 20 19 15 3 8 11 10 7 14 0 7.959624496168523
11 28 27 24 12 21 8 11 10 5 4 0 7.4110591189972705
11 28 27 25 22 19 5 1 23 17 12 0 8.24348423476075
11 26 21 19 18 15 5 6 16 17 14 0 7.251790667586866
11 28 26 24 23 2 5 11 13 19 6 0 6.595745386208005
11 28 27 25 20 21 8 11 13 16 14 0 8.683154290261834
11 28 27 24 23 10 19 1 12 17 18 0 6.987389354188418
11 28 27 25 23 3 19 14 9 16 4 0 7.456022185098808
11 25 24 22 16 19 14 13 4 7 6 0 6.731589522897002
11 25 24 23 20 8 5 11 13 16 18 0 7.468658694145167
11 28 24 23 22 15 21 11 4 17 2 0 7.468367325300508
11 25 21 20 19 15 5 8 1 7 17 0 7.050674098189005
11 28 22 18 15 17 8 1 4 7 2 0 7.2277403525696435
11 25 18 17 15 2 8 1 10 7 6 0 7.018506908016295
11 21 20 19 14 10 8 11 1 5 2 0 6.834531859279769
11 28 26 25 20 3 5 1 16 17 14 0 8.27797265944657
4 11 24 4 0 2.0511145915016273
11 25 20 18 14 11 17 1 9 3 12 0 6.791594558296984
11 22 19 17 15 10 14 1 12 3 4 0 6.63593217495041
11 28 26 21 12 15 8 11 1 5 2 0 6.868862971673288
11 24 22 20 15 10 13 8 1 7 17 0 7.696438312914259
11 28 26 24 20 10 19 8 9 7 18 0 7.7848494488600934
11 27 25 22 18 21 13 8 9 6 12 0 6.427692068693785
11 28 24 23 15 14 13 11 9 7 17 0 7.848135056271001
5 23 4 19 12 0 3.095473470973473
9 25 24 12 14 9 17 1 4 0 5.993458349175806
4 7 24 19 0 2.4039822477913253
11 28 27 24 22 9 5 11 1 16 13 0 7.3173081918786655
11 27 25 23 20 21 8 11 9 16 17 0 7.805642177581533
11 21 20 18 11 15 5 8 9 7 6 0 6.729751571354381
11 28 27 26 25 16 5 1 9 7 2 0 8.033538435436911
11 25 23 22 14 21 8 11 12 7 4 0 6.9341278725050675
11 27 23 22 12 10 11 8 1 17 6 0 6.049856501056171
10 18 17 13 14 10 8 11 4 6 0 6.489791686523747
11 27 26 25 12 10 5 1 4 9 18 0 7.575626514137223
11 28 25 22 13 16 5 11 9 7 2 0 7.811078602327221
10 23 20 19 13 15 18 8 10 16 0 7.101665952212379
11 28 26 25 20 19 3 12 9 23 14 0 7.921146653450716
11 28 25 23 22 21 5 1 2 15 18 0 7.417036836199462
11 28 27 17 13 3 6 8 9 7 4 0 7.678858158334037
5 17 8 26 22 0 3.1666618741090895
8 26 15 23 13 16 24 11 0 5.764559206884016
11 28 27 26 22 21 19 12 4 15 18 0 7.7143571112489395
4 9 18 20 0 2.01992943919272
11 28 26 19 18 15 5 13 4 3 6 0 7.55544340255482
4 19 14 13 0 2.3618241221422567
11 28 27 26 24 25 8 20 1 19 17 0 8.075037459490549
5 22 18 4 5 0 3.168909158776274
11 28 21 19 16 15 14 17 10 3 6 0 7.057972080079569
11 28 23 21 14 15 5 8 11 3 4 0 7.1277668305437345
11 28 27 25 23 15 22 2 16 3 18 0 7.245061297568065
8 15 14 6 7 3 24 11 0 5.701196559802607
11 23 21 18 15 16 14 13 10 9 2 0 7.042614805956397
11 27 26 25 24 10 3 12 9 7 14 0 7.399394075575683
8 28 14 23 12 4 26 13 0 5.710428307685011
11 23 22 19 14 3 5 2 9 7 4 0 8.312443232511146
11 27 25 23 15 14 8 1 4 16 2 0 7.198185434482094
11 27 25 23 20 21 8 1 9 7 3 0 7.78076323498024
11 28 27 21 17 10 8 11 1 16 14 0 7.156871190112163
11 28 24 17 11 3 5 1 10 7 6 0 7.018694192334305
11 28 21 20 14 9 13 11 12 7 6 0 8.041225930800831
11 24 23 21 20 2 5 12 4 7 14 0 6.911640428474789
11 28 27 25 24 2 16 20 23 17 4 0 8.436838837339318
11 21 20 19 17 3 8 1 13 16 4 0 7.1338482689785625
5 15 21 10 14 0 3.1959885985344547
11 26 22 19 16 15 13 8 9 7 17 0 8.082461311549755
11 23 22 18 14 15 5 8 1 3 2 0 7.6609448245927565
11 28 26 24 20 9 8 1 12 14 4 0 7.368502272721564
11 28 20 18 17 10 5 11 9 16 6 0 7.121615899318423
2 4 0 1.0988955570661978
11 25 23 20 17 19 5 12 16 15 2 0 6.480197181962754
5 1 21 12 14 0 2.9435632338911644
8 26 7 23 9 21 5 25 0 5.496861691405151
5 15 21 25 16 0 2.8863231181650226
11 23 19 18 12 9 17 1 4 3 6 0 7.26043815055527
11 28 27 24 21 19 5 12 23 16 18 0 6.946561032738145
5 15 8 21 22 0 2.6935266374798346
11 28 27 22 19 21 13 11 4 3 14 0 7.073900980023639
11 28 26 25 17 2 8 1 12 16 4 0 7.733208929531219
11 23 18 17 12 10 14 11 2 3 6 0 7.346017100103651
11 20 19 17 11 15 5 8 1 3 2 0 6.076649550275776
11 25 24 22 20 15 18 8 10 7 2 0 6.802292550117363
11 28 26 22 20 21 19 1 16 3 12 0 7.342134853115946
11 28 26 20 13 16 5 11 1 7 6 0 8.098949772110373
11 27 25 22 18 19 13 11 10 6 4 0 6.244949173059748
11 26 24 21 14 10 18 11 1 2 4 0 7.001807298347451
7 23 11 4 24 21 6 0 4.671860842401356
7 17 11 28 5 6 27 0 5.219200336723575
11 26 25 23 18 21 5 11 4 17 14 0 8.031957082340003
11 26 24 22 18 10 13 1 16 17 4 0 7.01941839221257
10 26 24 23 20 19 14 13 4 17 0 7.40024225426043
11 28 26 14 11 10 5 8 9 7 4 0 7.223228677559787
11 28 25 23 11 10 5 8 1 16 6 0 7.782062777923111
11 28 27 25 20 2 14 10 9 17 6 0 8.190570839889432
4 26 6 28 0 2.4804205857080976
11 28 27 21 15 19 13 11 1 3 6 0 7.53368854917227
11 24 22 20 16 19 13 11 1 7 2 0 7.442123625298922
11 26 25 24 22 21 5 11 23 3 14 0 7.687194189497603
10 21 20 13 12 10 5 8 4 18 0 6.364242194297625
3 4 5 0 0.6416608585865384
11 24 23 22 19 15 8 11 1 3 17 0 5.9009154358766684
2 28 0 1.6780296866740287
4 23 7 25 0 2.5966128896435103
6 6 10 28 4 21 0 4.135351233871351
11 26 24 21 18 10 8 11 4 16 2 0 7.126632109058646
3 10 13 0 0.8205583211009806
11 28 26 25 18 10 19 8 16 7 2 0 7.668490072410552
5 15 25 28 16 0 3.223903532731314
11 27 23 22 18 15 17 11 19 7 2 0 5.6301162214503915
10 25 22 20 14 10 6 11 9 17 0 6.736660137637394
11 25 23 20 15 2 5 8 11 3 4 0 7.149090111279181
11 28 23 21 18 16 13 1 9 17 6 0 6.739901043199506
11 28 27 26 20 15 22 1 4 6 18 0 8.205181134495302
11 25 22 20 14 10 16 11 2 7 6 0 7.513007785944422
11 24 22 21 15 10 6 8 9 3 2 0 6.841610218558661
2 9 0 1.364351606647078
11 25 24 22 18 21 3 11 4 7 2 0 6.551334569343188
11 28 27 26 22 10 17 8 16 7 18 0 7.936564586787441
11 28 26 25 20 21 19 17 4 15 14 0 7.978805625391244
11 28 22 19 18 2 5 1 16 7 17 0 7.693728581964018
10 28 25 19 13 16 24 8 12 7 0 7.600376985579188
11 28 27 21 16 10 19 8 4 7 6 0 7.430099440232313
11 24 21 20 12 10 5 8 9 3 4 0 7.930518817408879
5 1 14 27 2 0 3.3345314777296675
6 26 22 11 14 19 0 4.478381228501626
11 26 25 22 18 14 8 11 1 17 4 0 7.130929972898294
9 27 21 13 2 6 17 7 9 0 5.219795905606872
11 26 25 23 17 2 14 11 10 16 6 0 7.683906437992023
11 26 24 23 20 2 16 11 1 15 12 0 7.825703084017567
11 25 20 19 18 3 13 1 9 14 12 0 7.286609034340795
11 26 22 15 9 2 5 1 4 7 6 0 7.610525520006785
11 28 25 21 20 3 19 1 13 7 4 0 8.122154081506466
11 28 23 20 17 15 8 10 9 7 18 0 7.021183378356377
11 24 23 22 17 19 6 11 12 3 4 0 5.988683959696221
5 19 18 12 5 0 3.1061826841259332
11 28 27 25 24 9 5 10 23 22 4 0 8.054417989303229
2 2 0 1.0788680522128948
11 28 26 18 17 3 8 1 9 16 14 0 7.048227716342687
11 27 26 25 22 2 21 12 9 15 6 0 6.732502259274357
11 28 24 23 22 10 13 11 9 17 12 0 7.768155292083286
9 28 27 12 24 14 8 11 9 0 6.597645451053991
2 17 0 1.926229373620816
11 28 27 23 22 10 8 11 12 3 21 0 7.860681648558682
11 28 24 19 16 14 5 8 12 17 4 0 7.628330142570894
11 28 24 23 15 19 5 11 9 7 1 0 7.682713757272949
7 17 18 19 7 15 8 0 4.97848276895362
11 27 26 25 13 2 8 11 1 9 6 0 7.451798121274241
9 22 15 19 14 3 5 8 10 0 6.514571574848791
11 26 22 21 15 19 5 11 12 6 2 0 7.3515272725047565
11 27 22 21 20 10 16 11 9 15 6 0 6.845419010969245
11 26 23 22 18 10 16 11 1 17 4 0 6.483955586350813
10 28 27 18 14 15 6 13 12 17 0 6.499231088767172
11 28 25 22 17 10 11 1 9 15 13 0 6.732677933731207
2 3 0 1.7505300130308288
11 25 22 19 18 15 14 8 10 17 12 0 7.228448390674863
11 26 20 19 13 15 5 8 9 7 6 0 8.60362208844583
11 23 20 19 18 15 3 13 2 7 6 0 7.406790601777521
6 7 18 6 20 9 0 4.524959489816387
11 28 24 23 18 21 5 3 10 7 2 0 7.065161478235892
11 24 23 22 16 21 5 11 9 7 10 0 6.183914569408904
11 28 27 24 22 21 11 20 9 3 13 0 7.279980617106562
11 26 25 24 23 19 5 1 13 6 12 0 7.057953847259091
8 28 2 12 9 21 27 1 0 5.962315092442296
11 28 27 25 24 19 22 13 10 16 6 0 8.489592616190551
10 25 23 22 2 3 18 6 17 7 0 5.1660471358520414
11 28 27 25 24 2 5 11 13 23 21 0 8.434946956794983
11 25 20 16 12 15 6 11 10 3 4 0 6.954357234735497
11 24 21 20 14 16 5 11 4 6 2 0 7.456680553059196
11 26 25 18 15 14 8 11 10 3 17 0 7.435121801957053
11 27 23 22 21 15 19 8 1 3 18 0 5.519149773587025
10 25 23 19 2 9 18 17 4 3 0 6.152565631379508
10 24 23 20 22 3 5 8 13 7 0 6.348337908453428
11 26 22 17 14 15 5 13 12 7 2 0 7.647539400609894
11 28 26 25 24 21 8 20 4 3 5 0 7.892238630467738
11 25 22 18 17 2 8 1 10 16 6 0 6.687203100628059
11 27 23 19 18 3 13 1 12 16 6 0 6.556630976507018
5 23 14 19 12 0 3.6802261912364598
11 24 23 18 17 2 5 1 16 15 14 0 6.082347874034068
11 27 22 20 18 19 8 11 4 16 14 0 7.088627495090151
11 22 19 18 14 17 8 1 12 3 4 0 6.894897173254984
6 23 2 4 5 19 0 4.9219444187159915
11 26 25 18 15 16 5 10 4 3 2 0 7.2682242372883215
11 27 25 24 22 19 5 13 10 23 14 0 6.612608602286003
11 27 25 18 17 16 11 1 9 7 2 0 6.482750245282302
5 22 21 4 9 0 2.593616942182222
11 23 21 20 19 10 8 1 9 17 13 0 7.686068434406463
11 26 20 16 15 3 5 10 9 7 4 0 7.44831221764492
11 28 27 23 16 21 3 11 1 7 12 0 7.6719997618564
4 11 13 4 0 2.2382377843477075
11 28 27 25 18 10 11 1 12 16 4 0 7.680547503973113
11 28 24 22 12 10 6 11 4 9 2 0 6.94755523256851
6 26 22 25 12 21 0 4.829292748410801
11 27 25 22 20 10 16 11 9 17 6 0 7.025074845015846
11 25 23 21 15 14 5 1 10 3 18 0 6.413681019762266
11 26 25 24 20 21 3 13 12 7 18 0 8.130277451263051
11 24 23 21 14 16 5 11 12 9 2 0 6.687265152075362
11 27 24 22 19 16 5 13 9 3 21 0 6.254544516375397
6 22 14 13 2 9 0 4.8352328272526925
3 17 7 0 1.6213160319682904
11 28 24 23 20 21 14 11 4 15 18 0 7.9522079005989434
11 27 25 23 22 2 5 11 13 19 4 0 7.2285215996860845
11 28 24 23 20 21 13 1 16 7 4 0 8.307688683790138
2 12 0 1.090161035531961
11 27 25 22 17 9 16 1 12 6 4 0 6.143846324147246
11 27 24 20 18 19 5 12 4 17 6 0 6.869659424825553
11 27 24 15 14 10 5 8 4 9 2 0 6.630168211405582
11 27 25 24 20 15 22 11 4 14 18 0 7.142239274325154
11 27 23 18 15 2 5 13 12 7 6 0 6.383423618589237
11 23 22 16 15 10 14 1 9 7 4 0 7.798803529585445
11 27 24 23 20 15 21 10 4 7 6 0 6.999599507169492
11 27 22 21 18 19 5 1 12 16 6 0 6.475147495115667
11 26 21 16 14 10 6 1 9 3 4 0 7.420336324938333
11 28 27 22 20 19 14 1 4 17 6 0 7.673074287942326
11 25 24 23 17 16 19 12 10 3 6 0 6.906202159034004
11 28 27 22 20 15 5 11 1 16 14 0 7.490445185925925
11 28 19 17 15 10 5 13 12 7 4 0 6.92152330113848
11 28 27 21 20 15 16 11 10 3 4 0 7.658906598158234
7 6 8 13 20 4 5 0 4.957784042854687
10 25 24 17 2 3 14 8 16 7 0 6.2919869645274815
11 25 24 22 17 15 21 11 12 3 2 0 6.29464367167946
11 23 22 18 17 2 5 1 16 3 6 0 7.257403673142425
11 25 23 21 18 9 19 11 1 3 6 0 6.188956614048344
11 27 26 25 24 21 14 1 19 16 6 0 7.465896655340266
11 27 26 24 23 2 16 11 9 7 21 0 6.192504637256923
11 23 21 18 13 14 8 11 1 3 6 0 7.490300474078172
11 27 26 25 19 10 8 1 13 17 2 0 6.9045550601959915
11 25 24 20 12 16 8 1 2 3 6 0 7.456822875685509
11 28 27 22 20 21 13 11 9 7 10 0 7.659478793057412
11 24 23 21 15 17 3 11 10 7 12 0 6.248778530932518
4 19 13 5 0 1.9856103512672705
11 28 25 24 23 2 16 6 4 3 21 0 6.650524736033002
11 28 27 21 20 10 16 13 4 7 2 0 7.843244311032281
11 21 17 16 15 10 14 11 1 9 2 0 6.028835990587722
11 27 23 19 17 10 14 11 4 16 2 0 6.474084877711239
11 21 19 16 15 2 5 8 11 3 4 0 6.263917549448141
11 28 26 25 15 14 18 11 1 9 2 0 7.350529180777355
11 28 26 21 12 15 8 11 4 7 2 0 7.603361789165653
11 24 22 17 16 3 8 11 1 7 4 0 6.830241683896743
11 27 21 20 14 10 16 6 12 3 2 0 6.753664340337484
11 28 26 22 20 21 11 1 12 15 4 0 6.967271306258718
11 26 25 24 22 14 18 8 23 7 6 0 7.3801525807196295
11 28 25 23 22 15 14 12 9 16 21 0 7.706136697329207
11 27 26 25 23 9 22 20 1 7 2 0 6.6453296278846485
11 24 23 18 15 14 8 1 9 16 4 0 6.647902492830207
11 28 27 26 17 10 19 8 16 3 4 0 7.844009839342776
10 23 14 13 12 2 8 1 9 7 0 8.174942942094868
4 11 20 12 0 2.3329817876911036
4 24 18 28 0 2.2591655820152567
4 7 14 19 0 2.78976141315428
11 25 22 21 11 6 19 1 10 3 2 0 6.592597038348967
11 26 25 24 22 23 5 20 13 16 2 0 7.139517265973137
11 25 24 23 16 21 14 13 10 7 6 0 7.2341004473756385
11 22 18 15 14 10 13 11 12 7 2 0 7.603482266122715
7 22 25 10 4 21 19 0 4.676783906526033
5 6 8 10 18 0 2.76184756860983
11 25 24 22 20 2 8 11 16 3 14 0 7.053772084893131
11 27 25 20 13 15 5 11 1 7 12 0 7.773860983946401
11 27 26 25 16 15 19 8 9 7 4 0 7.343663235396775
3 23 24 0 1.5101209631164383
11 28 27 23 22 15 14 20 10 16 18 0 7.552199803417101
11 28 27 26 22 21 14 1 9 16 12 0 7.988141105574696
11 26 23 21 20 10 17 12 16 7 18 0 7.1862379263218426
11 27 26 23 15 14 3 17 4 7 6 0 6.7120283645482814
8 28 2 10 24 6 17 8 0 5.597585275932696
3 7 19 0 1.1425259246811783
11 28 25 23 20 2 8 1 9 17 18 0 8.442329475842207
9 24 22 23 13 15 6 11 4 0 5.753242320183156
11 27 25 23 17 15 21 11 10 3 12 0 6.81453359794768
11 28 27 23 22 15 21 6 12 17 18 0 7.359036135987926
11 27 26 22 17 2 14 10 16 7 6 0 5.693839970561962
5 3 10 19 1 0 3.1082434318676118
11 28 27 24 22 21 14 11 4 15 18 0 7.291594276915796
11 24 20 15 12 10 5 1 4 9 2 0 7.021150615448157
4 26 8 20 0 2.5809248070853963
11 28 27 16 13 10 6 1 9 7 4 0 7.783202688034965
11 28 21 19 15 16 5 11 13 7 12 0 7.9576737069432495
11 24 23 22 15 2 3 1 13 7 6 0 6.414705470717413
11 22 21 19 18 10 5 8 11 15 14 0 7.159798444347008
11 27 26 23 17 2 13 8 9 16 12 0 6.893837686893081
11 27 26 25 18 16 5 8 12 17 4 0 7.139173077092723
2 3 0 1.7505300130308288
11 25 24 22 15 16 5 13 4 7 3 0 6.858027641260302
2 12 0 1.090161035531961
11 26 24 23 18 15 17 8 10 7 21 0 7.56983906849015
9 27 18 4 14 3 5 12 9 0 5.66289635156576
11 26 24 23 15 10 18 8 2 3 6 0 7.314673080537776
4 6 18 11 0 2.2896434793549023
4 6 27 5 0 2.356342372189215
11 25 23 20 11 9 19 6 4 7 2 0 6.735496492609091
11 25 23 22 18 15 5 11 16 3 6 0 6.046528609108464
11 27 26 23 13 2 6 11 9 3 12 0 7.091649904360844
11 28 26 23 15 10 18 8 12 6 2 0 7.122221625815189
11 25 20 18 14 10 17 8 9 3 4 0 7.312519147173271
11 27 23 22 20 15 5 8 19 16 14 0 6.297625382851811
4 17 22 27 0 2.4224583619810467
7 17 14 13 5 3 19 0 5.667372076606175
11 27 26 25 22 9 14 1 12 3 18 0 7.052097764771159
11 28 23 21 17 10 19 1 9 6 4 0 6.594831333143437
11 23 22 19 12 14 5 1 9 3 4 0 8.516977519150325
11 27 16 14 13 2 5 8 9 7 4 0 6.887827674479313
11 25 24 23 22 15 5 8 21 6 18 0 6.845113400166183
7 7 14 11 2 10 24 0 5.319025508083484
11 27 23 18 14 10 5 1 12 3 6 0 6.422991627230491
2 19 0 1.3342732404249567
10 28 27 21 2 15 5 17 9 7 0 6.911393023594213
11 22 21 18 13 9 5 11 1 7 2 0 7.411394511547454
11 28 25 24 23 10 22 20 16 17 18 0 6.965473286101097
11 27 24 22 20 10 5 8 12 16 6 0 6.745554924983145
4 17 5 19 0 2.3316919205789377
11 26 23 22 15 14 18 1 12 7 4 0 6.669755716592551
11 28 27 23 22 15 5 3 19 16 14 0 7.316815946194566
3 20 13 0 1.1429431277778823
10 23 20 19 12 2 13 11 1 14 0 7.2305946541096535
11 25 24 22 21 15 19 13 9 17 14 0 6.444256240154626
9 26 24 23 2 6 16 12 4 0 6.002917005391908
11 28 25 21 20 10 14 8 4 7 6 0 7.952767793851969
11 28 23 20 14 11 5 8 9 7 17 0 7.474925492881128
11 27 24 22 11 10 21 6 4 7 2 0 5.919356872063808
11 27 23 22 20 21 5 8 18 7 6 0 6.097706803752651
11 24 17 14 13 1 5 8 11 9 2 0 6.364637092230755
4 9 27 20 0 2.018516469724174
11 28 26 24 20 21 5 1 10 6 18 0 7.311485566179259
11 28 24 23 22 2 3 11 4 7 18 0 7.668704516748161
11 28 27 26 24 19 5 25 16 3 17 0 8.330031972026816
3 15 10 0 1.6217305381423994
11 27 26 19 17 3 16 12 9 7 4 0 6.9664718811265285
11 27 25 23 14 15 13 11 9 7 2 0 7.731470944987735
9 27 22 10 2 21 18 15 19 0 5.006891084193259
4 16 25 13 0 2.569684174498936
11 25 23 22 12 15 8 11 4 3 6 0 6.748968676654291
11 24 23 21 14 17 5 13 12 3 4 0 6.712048550005953
11 25 19 16 14 15 8 11 4 9 2 0 6.741429606045296
11 26 24 21 20 19 8 1 10 17 4 0 7.837525064625025
10 26 22 20 12 15 6 11 16 7 0 7.190366709429365
11 24 23 20 13 10 5 1 9 6 18 0 7.362966373353976
3 23 25 0 1.7520381760083312
11 27 26 23 20 19 5 11 12 22 14 0 7.278442194589864
11 27 23 22 18 15 19 8 11 16 14 0 5.630251002863698
11 28 25 23 17 2 5 11 1 3 4 0 7.738014769179195
11 27 24 22 20 19 14 6 9 7 18 0 6.653627243262973
11 27 23 19 14 15 5 8 1 7 6 0 7.132201694224344
10 25 21 20 2 14 5 1 12 17 0 6.729259106384164
7 6 18 11 12 10 26 0 5.176994249186939
11 25 24 21 12 10 18 11 2 7 6 0 6.804090995391617
6 3 14 19 1 21 0 4.797557819991715
5 7 21 28 20 0 3.3747627183831774
8 22 24 12 7 21 17 11 0 5.290286023204479
11 26 23 20 18 19 14 11 10 16 6 0 7.150132216261687
11 26 20 13 9 10 5 8 1 3 4 0 8.286676251568121
11 27 26 21 20 2 14 11 1 3 6 0 6.695200460114544
5 8 18 5 24 0 3.1882641917404806
11 25 24 19 14 16 5 11 1 7 12 0 7.875046596060972
11 24 22 20 14 6 5 1 17 3 2 0 7.385724354409162
8 22 15 4 7 19 8 1 0 5.366740400003655
7 23 11 12 20 24 5 0 4.768246093709181
11 28 27 22 14 10 16 3 4 7 2 0 7.116595692541596
11 28 27 25 24 10 8 11 13 23 4 0 8.454881392453595
4 7 1 12 0 2.673409968613809
11 28 26 22 19 10 5 11 9 7 4 0 6.904686002470402
11 23 21 19 13 3 5 1 9 7 4 0 8.619228375267465
3 23 7 0 1.570662037876128
11 28 25 19 14 15 13 8 10 7 4 0 8.473171101821558
11 26 24 16 9 10 5 8 1 3 2 0 7.416149845170067
11 28 25 23 18 10 8 11 1 14 13 0 7.488120605792671
11 26 14 11 9 10 5 8 2 7 6 0 8.18059527833546
11 28 25 24 22 19 5 13 12 7 18 0 7.671712171911373
11 28 25 23 22 2 5 12 4 6 21 0 7.574210088156862
3 16 3 0 1.1945020341663422
6 26 14 28 13 3 0 5.076619101599217
11 25 23 22 19 21 14 1 9 16 2 0 6.017617168241457
11 28 27 23 22 15 19 1 13 7 17 0 7.916183471971676
11 26 24 22 14 15 3 13 9 7 4 0 7.652273456247277
11 28 26 24 20 10 5 8 11 7 2 0 7.488436835609906
11 28 25 22 18 21 8 11 12 7 6 0 7.242858567513814
11 28 26 24 17 10 6 8 9 23 2 0 6.531250075525396
11 16 13 12 11 10 5 8 1 3 4 0 8.07779150518557
11 16 12 11 7 10 5 1 4 3 6 0 7.579178937026365
11 26 24 23 20 2 18 17 9 7 4 0 8.033909570916109
11 26 24 22 18 10 5 6 4 7 21 0 6.835016593610491
11 25 24 22 16 2 3 11 1 7 6 0 6.412501388064154
6 15 13 10 24 21 0 4.802276100062657
4 7 10 12 0 2.523395654608767
11 26 25 24 14 21 5 3 4 7 2 0 7.73947128133346
11 28 25 20 11 19 5 1 4 7 3 0 8.003966357207922
11 26 24 22 18 16 5 8 9 17 12 0 7.128123429519533
8 23 6 10 7 3 17 13 0 5.331603782703109
4 3 21 12 0 2.252359274856813
6 23 8 19 15 26 0 4.582340686045061
9 27 25 13 7 10 26 11 9 0 6.153243849481459
11 26 24 23 14 16 11 1 9 3 2 0 7.865770837468857
11 28 27 24 23 19 8 11 13 14 12 0 6.937205108173849
4 3 15 5 0 2.492504588024018
9 27 25 3 5 21 24 11 18 0 5.373900530692829
10 28 26 19 7 10 8 11 4 3 0 6.923475097237276
6 23 13 12 9 3 0 4.631118051677692
11 27 23 21 20 10 8 11 16 7 17 0 6.613803958916514
4 7 18 23 0 2.479720157036156
10 23 21 19 2 16 18 14 4 7 0 6.8443700455816385
11 27 22 17 15 16 8 1 9 3 4 0 6.728389260988642
11 23 22 21 15 19 11 1 4 14 2 0 7.201040021296877
5 22 18 12 5 0 3.438044405995016
4 16 24 7 0 1.8655277796356475
11 28 26 22 18 15 5 8 4 16 14 0 6.739061790841287
3 3 25 0 1.6269928095105066
11 27 25 20 15 14 17 1 10 7 12 0 7.208495513590604
11 27 26 25 24 10 17 8 16 7 14 0 7.521167094308558
11 25 23 22 15 19 8 11 12 7 14 0 6.593459980139453
4 17 27 11 0 2.533050381943063
3 20 14 0 1.3415991002947574
9 23 18 19 5 9 6 1 4 0 6.451365787088194
11 28 26 22 18 3 5 8 1 7 12 0 6.826652900908824
11 26 25 23 18 10 17 13 12 7 2 0 7.792659460439875
11 26 22 21 17 16 13 1 10 3 18 0 7.237944364033619
11 26 25 24 20 2 13 11 1 16 12 0 7.937434418519722
4 3 13 19 0 2.434896034902475
11 24 21 18 13 17 5 11 9 3 6 0 7.056570906685929
8 28 27 25 7 3 22 11 0 5.642582737547646
11 24 21 19 15 14 13 11 12 16 4 0 7.457389753141625
11 28 23 21 18 19 3 8 12 7 4 0 6.73025268233431
11 26 22 21 20 10 14 1 13 3 18 0 7.8204834195993955
11 27 22 21 20 19 14 11 12 9 4 0 7.016506561742119
10 20 16 12 14 10 3 6 9 7 0 6.413532872748657
3 19 27 0 1.179537776641614
11 23 21 20 18 15 16 11 12 17 4 0 7.587924315304045
5 17 2 11 1 0 3.6473418157193365
11 27 26 24 16 19 5 8 1 7 6 0 6.448066195004891
4 8 14 23 0 2.399103195769185
9 25 22 12 14 3 18 13 9 0 6.126716086967662
11 23 22 21 20 2 14 8 16 7 4 0 7.9917049464603185
11 25 24 16 13 15 8 11 4 3 2 0 7.312586514940336
11 26 22 18 17 2 5 6 16 7 4 0 7.101718309903095
11 27 26 22 13 9 17 1 12 7 6 0 6.618147122886061
11 27 23 19 18 2 5 8 11 9 6 0 6.367869549702306
11 27 26 22 20 9 13 8 4 7 17 0 6.824536615595333
7 7 11 10 20 19 26 0 5.461628936542017
11 28 27 23 20 15 14 13 12 17 2 0 8.136995292616144
3 17 6 0 1.552717208815893
11 23 22 21 15 10 5 8 4 19 6 0 7.566851959716491
11 26 23 21 20 3 13 8 16 17 2 0 7.402523588861114
11 27 22 19 15 10 17 8 9 7 6 0 7.472933471715297
6 3 22 6 12 21 0 4.377892830253769
5 22 14 12 2 0 3.628896795895284
11 26 25 22 18 2 5 1 13 4 12 0 6.918157368412651
11 27 24 22 13 10 5 11 1 7 12 0 6.808845301361043
6 23 6 28 20 3 0 4.707343182949398
11 28 23 21 20 10 13 8 12 19 4 0 7.195741308319279
11 28 26 22 20 10 14 8 9 17 12 0 7.376552543184656
11 28 24 23 20 2 13 8 16 6 18 0 7.87159013062542
11 28 26 22 19 21 14 6 4 17 2 0 6.297730241134592
11 24 21 20 15 19 11 1 4 6 2 0 6.996658075487187
11 26 25 20 12 2 3 10 4 7 6 0 8.132932667981665
11 24 21 16 11 10 5 8 1 2 4 0 6.39039421088872
2 22 0 1.6661349622940391
6 8 14 23 24 1 0 4.199107582251777
11 28 27 26 24 14 18 11 12 7 4 0 8.092732066000176
7 11 18 4 14 10 27 0 4.876090548509868
3 26 28 0 1.3384459048644706
2 5 0 1.0351810727077024
10 27 22 20 13 21 5 6 11 3 0 6.318426022747305
11 28 19 17 14 2 5 8 1 6 13 0 6.722130822278201
8 28 7 25 1 15 14 11 0 5.528509857947482
11 23 22 20 13 10 8 11 9 7 12 0 8.655642388025942
11 25 22 21 20 10 8 11 13 2 4 0 7.100740322312953
11 28 22 21 17 3 16 11 12 7 6 0 7.2066844685782225
11 26 22 18 15 16 13 1 9 3 4 0 7.720137404944291
5 7 2 3 13 0 3.6786799384225093
11 26 22 20 18 3 5 8 16 7 2 0 7.8749854479575205
11 27 25 21 19 15 5 8 12 17 18 0 6.575287971471784
11 27 25 24 22 15 3 17 13 7 14 0 6.539674176082035
11 24 21 20 18 16 5 17 9 7 6 0 7.142839075908531
11 28 27 23 22 15 19 11 2 17 18 0 7.521953919248689
11 28 27 26 25 15 21 17 12 7 18 0 7.64190813984735
8 23 25 12 7 9 8 20 0 5.646138247293465
7 23 24 13 20 10 5 0 5.156543539208653
11 21 20 17 15 16 5 1 4 7 3 0 6.449443830994377
7 7 18 23 20 2 13 0 5.139321272507676
11 26 24 23 20 15 22 1 10 16 12 0 8.067402301947773
5 15 1 25 12 0 3.7193245212341095
11 28 25 24 18 19 5 1 12 16 4 0 7.345513040298993
11 24 19 17 13 15 5 11 10 9 2 0 6.448990560189249
11 24 21 18 17 2 5 8 1 15 6 0 6.38855630471387
11 27 25 24 16 19 5 8 1 9 2 0 6.49549482050904
11 28 25 21 17 10 16 13 4 7 2 0 7.326056669820254
11 23 20 19 13 10 11 8 4 3 18 0 8.226997470403928
8 23 14 6 2 9 19 20 0 5.795688684831052
7 7 11 4 20 21 28 0 5.197678783043443
11 28 27 24 22 19 5 8 11 17 21 0 7.4910661061887795
11 26 22 20 17 10 5 1 9 15 13 0 7.767138654867965
11 27 24 21 14 3 5 8 9 6 4 0 6.944223781895882
11 28 25 20 18 19 8 11 9 17 6 0 7.9841773896199335
10 28 24 23 2 10 13 20 4 9 0 7.051963000304595
2 4 0 1.0988955570661978
11 20 19 17 15 10 13 8 9 16 6 0 6.472460452158007
3 15 18 0 1.8282719132972347
4 22 2 27 0 2.536007692303845
11 25 24 23 19 21 16 1 12 9 4 0 6.998064164936615
11 27 20 18 15 11 5 1 10 7 17 0 6.205985367865308
11 26 24 21 18 10 17 8 1 7 6 0 7.108323243679514
11 27 22 20 17 19 5 13 10 15 6 0 6.8403341565934515
11 24 21 19 18 10 16 1 4 3 6 0 7.103411691991809
2 10 0 0.9988895446671154
11 28 27 21 20 10 19 8 13 6 18 0 7.696805026763488
11 25 23 22 18 21 14 11 12 9 4 0 6.082832852481424
11 23 22 21 20 15 19 17 4 16 6 0 7.700767220897291
8 26 22 28 2 21 8 11 0 6.0389442037385495
11 26 24 21 18 10 14 8 4 17 2 0 7.111047892900619
11 24 22 19 18 15 14 10 9 16 4 0 7.037467196335312
11 27 20 18 15 17 5 11 13 9 12 0 6.367720704161764
11 28 21 20 9 10 3 8 4 7 6 0 7.824352935009115
11 27 25 19 14 16 13 11 1 4 12 0 7.359889670301702
11 26 23 22 19 21 18 1 12 3 4 0 6.352610710398428
11 25 22 14 13 3 11 1 9 7 12 0 7.2152974500470535
11 27 23 21 14 19 8 11 1 4 12 0 6.204002380551676
10 24 22 20 2 15 8 11 19 7 0 7.115968804313535
11 25 23 19 15 16 14 1 2 7 6 0 6.858314186931175
11 26 22 16 15 2 13 10 9 3 4 0 7.363370739916931
11 27 26 23 20 21 5 13 10 6 12 0 7.133407205123038
2 6 0 1.6814095015641093
11 27 26 25 18 21 3 11 4 7 14 0 7.115294790369135
11 24 22 20 18 3 5 10 9 16 12 0 7.0713559209870684
6 15 18 12 24 28 0 4.58764867673757
11 24 22 21 11 9 5 1 4 7 6 0 7.119119362771949
3 17 22 0 1.6572615590955375
11 26 25 24 20 19 8 1 16 3 12 0 8.034952442980755
11 25 24 21 18 15 19 1 9 14 12 0 6.599525822859674
11 26 23 20 19 10 11 1 12 17 6 0 6.9083335171263975
11 28 27 23 20 22 5 13 4 3 18 0 7.8870117137286
11 25 20 19 12 14 5 11 1 7 4 0 7.913112326859414
11 25 24 23 20 21 5 13 10 3 4 0 7.858972067254683
11 27 26 20 15 14 13 8 9 6 18 0 6.959305595839283
11 28 25 23 20 2 5 1 12 15 4 0 8.129106083644029
11 28 27 23 20 2 19 13 4 7 14 0 8.449687183699831
5 14 25 12 20 0 3.3381382305954883
9 28 24 26 5 15 17 8 11 0 6.1162958040733
7 28 14 12 5 2 26 0 5.59392051205067
2 1 0 1.5830929465555534
11 25 22 20 18 19 5 17 4 15 14 0 7.0318625127514895
8 24 18 25 20 3 14 11 0 5.548923720481001
11 27 24 21 20 3 8 11 19 17 13 0 7.066123003227169
11 26 20 19 18 10 17 11 12 7 14 0 7.724806514312332
11 24 19 16 12 3 5 11 9 7 6 0 7.215334568065881
5 7 21 11 14 0 3.05224607289432
11 27 26 25 18 19 5 8 12 14 6 0 6.930812372163796
11 27 25 20 17 19 5 8 9 7 1 0 7.1393887497700605
11 26 25 23 22 16 13 11 9 17 14 0 8.171680944434689
6 16 22 28 14 19 0 4.573642503870396
11 28 27 26 25 3 13 11 16 17 21 0 8.02756435897168
11 26 23 20 17 2 5 11 13 15 4 0 7.2762764658708825
11 24 21 20 17 10 16 11 9 15 6 0 6.980069804756562
11 25 22 21 15 16 13 1 4 7 2 0 7.224243679934251
11 26 21 19 16 15 14 8 1 17 6 0 7.540752458821116
11 28 25 24 22 10 11 1 9 3 18 0 7.235481925304595
11 26 22 16 13 15 5 1 10 3 6 0 7.740140395836649
9 27 24 26 2 14 22 18 9 0 4.947814662334171
11 27 26 25 17 15 5 10 19 7 14 0 6.699186118717111
11 28 19 18 13 16 5 11 10 7 6 0 7.208410922303171
9 19 15 10 14 2 3 1 17 0 5.767797722773985
11 26 24 22 18 3 8 1 4 16 14 0 7.0204257647359825
11 28 26 25 20 16 5 8 9 22 14 0 8.288079968816264
11 28 26 24 18 21 14 8 9 15 4 0 6.922535810077173
11 27 24 22 17 21 14 11 3 7 6 0 5.9389897859154495
11 25 22 21 18 3 8 11 13 7 2 0 6.957093759546211
11 24 21 16 15 3 5 10 9 7 6 0 6.804810485202619
11 22 19 16 14 2 5 11 1 9 13 0 7.017406569527526
11 28 27 21 14 17 13 12 10 7 6 0 7.342158599059349
11 27 24 18 12 10 17 11 9 3 5 0 6.53017006895537
11 28 26 25 20 23 5 17 9 3 12 0 7.809186600727688
9 21 17 13 5 9 8 1 4 0 5.566644504955305
11 27 26 25 24 21 5 20 12 9 18 0 7.495382870011411
11 23 21 19 13 15 5 8 1 6 12 0 8.007340403345957
11 18 17 14 13 3 5 1 12 7 2 0 6.824135568268805
11 28 26 19 18 2 5 11 16 17 6 0 7.4797171570776
11 26 22 20 18 2 5 13 9 16 4 0 7.975340844527169
3 28 12 0 1.0658181533277937
11 27 26 24 23 15 22 20 13 17 4 0 6.114218385145241
2 5 0 1.0351810727077024
7 22 2 20 24 9 27 0 5.170240675304766
6 11 22 28 13 19 0 4.677986159941878
11 28 24 21 12 19 8 11 10 3 6 0 7.565205200735292
9 25 20 23 2 16 19 13 4 0 6.0590777189802685
2 24 0 1.400110449962713
11 25 23 21 18 2 5 1 13 15 6 0 6.130159862385719
11 28 27 22 20 15 21 11 10 9 6 0 7.230220337313094
7 7 11 23 20 10 17 0 4.902228435978043
10 21 20 19 5 3 18 8 13 16 0 6.478277843599001
11 28 23 19 14 10 5 3 16 7 4 0 7.457102826293845
11 28 27 25 22 16 18 14 23 7 2 0 7.479703620280399
7 7 11 4 9 10 16 0 4.6502690710696735
7 11 8 27 1 9 22 0 4.960737857163059
11 25 20 19 17 16 13 12 9 7 18 0 7.449860295690343
4 9 11 28 0 2.1182665430680023
11 26 25 23 22 15 5 8 10 17 13 0 8.01489061873633
11 28 27 25 24 16 13 12 23 17 18 0 8.41426130144345
5 16 21 26 14 0 2.8816690165643477
11 28 26 22 16 21 5 1 12 9 4 0 6.781429668574667
11 22 20 17 14 10 8 11 1 9 12 0 7.16054305666967
11 27 25 24 15 19 3 8 13 7 2 0 6.956716208429896
11 28 26 25 20 19 3 8 4 23 2 0 8.034250533521401
9 28 14 25 1 10 5 11 4 0 6.873971497305875
11 27 24 23 17 9 8 1 4 7 18 0 7.024081565341191
11 22 21 18 15 16 14 1 10 9 12 0 6.85112769819994
11 27 26 25 18 21 5 17 4 3 2 0 6.873749968970858
5 23 6 26 13 0 3.2535825810262713
11 28 25 24 20 21 14 8 10 15 2 0 7.506375087083888
11 23 22 21 20 16 14 1 9 17 18 0 7.964843325134812
11 23 22 17 14 10 8 11 1 2 4 0 7.1937455080616335
11 28 25 24 22 21 5 17 9 14 18 0 7.276236323789783
